1 143 0 0 0 0 0 0 0 0 0 0 0 0.000000
1 0 0 152 172 0 143 0 0 0 0 0 0 46.000000
1 0 143 152 0 193 143 143 0 0 0 0 0 151.500000
1 0 143 152 0 193 143 0 143 172 193 0 0 257.000000
1 0 0 152 172 0 0 0 152 172 0 143 0 151.500000
1 0 143 152 0 193 0 143 152 172 0 143 0 257.000000
1 0 143 152 0 193 0 0 143 0 193 143 0 316.500000
1 0 0 152 172 0 0 143 143 0 193 143 0 257.000000
2 143 143 0 0 0 0 0 0 0 0 0 0 23.000000
2 143 0 0 172 193 143 0 143 0 193 143 0 280.000000
2 143 0 0 172 193 0 143 0 0 0 0 0 69.000000
2 143 0 0 172 193 0 0 143 172 193 0 0 174.500000
2 0 143 152 172 0 143 0 0 0 0 0 0 69.000000
2 0 0 152 0 193 143 143 0 0 0 0 0 69.000000
2 0 0 152 0 193 143 0 143 172 193 0 0 174.500000
2 0 143 152 172 0 0 0 152 172 0 143 0 174.500000
2 0 0 152 0 193 0 143 152 172 0 143 0 174.500000
2 0 0 152 0 193 0 0 143 0 193 143 0 234.000000
2 0 143 152 172 0 0 143 143 0 193 143 0 280.000000
3 143 143 0 0 193 143 143 0 0 0 0 0 151.500000
3 143 143 0 0 193 0 143 152 172 0 143 0 257.000000
3 143 143 0 0 193 143 0 0 172 193 0 0 257.000000
3 143 143 0 0 193 0 0 152 143 193 143 0 316.500000
3 143 0 0 172 0 143 0 0 0 0 0 0 46.000000
3 143 0 0 172 0 0 143 152 143 193 143 0 257.000000
3 143 0 0 172 0 0 0 152 172 0 143 0 151.500000
3 0 0 152 0 0 0 0 0 0 0 0 0 0.000000
4 143 143 0 0 193 0 143 0 0 0 0 0 128.500000
4 143 143 0 0 193 0 0 0 172 193 0 0 234.000000
4 143 143 0 0 193 143 0 152 143 193 143 0 339.500000
4 143 0 0 172 0 0 0 0 0 0 0 0 23.000000
4 0 0 152 0 0 143 0 0 0 0 0 0 23.000000
4 0 0 152 0 0 0 0 152 172 0 143 0 128.500000
4 0 143 152 172 193 0 0 143 0 193 143 0 339.500000
4 0 0 152 0 0 0 143 143 0 193 143 0 234.000000
5 143 143 0 0 193 0 0 0 0 0 0 0 105.500000
5 143 0 0 172 0 143 0 143 0 193 143 0 257.000000
5 143 0 0 172 0 0 143 0 0 0 0 0 46.000000
5 143 0 0 172 0 0 0 143 172 193 0 0 151.500000
5 0 143 152 172 193 143 0 0 0 0 0 0 151.500000
5 0 0 152 0 0 143 143 0 0 0 0 0 46.000000
5 0 0 152 0 0 143 0 143 172 193 0 0 151.500000
5 0 143 152 172 193 0 0 152 172 0 143 0 257.000000
5 0 0 152 0 0 0 143 152 172 0 143 0 151.500000
5 0 0 152 0 0 0 0 143 0 193 143 0 211.000000
6 143 143 0 0 193 143 143 152 0 0 0 0 174.500000
6 143 143 0 0 193 0 143 0 172 0 143 0 174.500000
6 143 143 0 0 193 143 0 152 172 193 0 0 280.000000
6 143 143 0 0 193 0 0 0 143 193 143 0 234.000000
6 143 0 0 172 0 143 0 152 0 0 0 0 69.000000
6 143 0 0 172 0 0 143 0 143 193 143 0 174.500000
6 143 0 0 172 0 0 0 0 172 0 143 0 69.000000
6 0 143 152 172 193 143 0 0 143 193 143 0 280.000000
6 0 0 152 0 0 143 143 0 143 193 143 0 174.500000
6 0 0 152 0 0 143 0 0 172 0 143 0 69.000000
6 0 0 152 0 0 0 0 152 0 0 0 0 23.000000
7 143 143 0 0 193 143 143 152 0 0 143 0 257.000000
7 143 143 0 0 193 0 143 0 172 0 0 0 151.500000
7 143 143 0 0 193 0 0 0 143 193 0 0 211.000000
7 143 0 0 172 0 143 0 152 0 0 143 0 151.500000
7 143 0 0 172 0 0 143 0 143 193 0 0 151.500000
7 143 0 0 172 0 0 0 0 172 0 0 0 46.000000
7 0 143 152 172 193 143 0 0 143 193 0 0 257.000000
7 0 0 152 0 0 143 143 0 143 193 0 0 151.500000
7 0 0 152 0 0 143 0 0 172 0 0 0 46.000000
7 0 0 152 0 0 0 0 152 0 0 143 0 105.500000
8 143 143 0 0 193 143 143 143 0 0 143 0 280.000000
8 143 143 0 0 193 0 143 143 172 0 0 0 174.500000
8 143 143 0 0 193 0 0 0 0 193 0 0 128.500000
8 143 0 0 172 0 143 0 143 0 0 143 0 174.500000
8 143 0 0 172 0 0 143 0 0 193 0 0 69.000000
8 143 0 0 172 0 0 0 143 172 0 0 0 69.000000
8 0 143 152 172 193 143 0 0 0 193 0 0 174.500000
8 0 0 152 0 0 143 143 0 0 193 0 0 69.000000
8 0 0 152 0 0 143 0 143 172 0 0 0 69.000000
8 0 143 152 172 193 0 0 152 172 193 143 0 280.000000
8 0 0 152 0 0 0 143 152 172 193 143 0 174.500000
8 0 0 152 0 0 0 0 143 0 0 143 0 128.500000
9 143 0 152 0 193 143 143 0 0 0 0 0 151.500000
9 143 0 152 0 193 143 0 143 172 193 0 0 257.000000
9 143 0 152 0 193 0 143 152 172 0 143 0 257.000000
9 143 0 152 0 193 0 0 143 0 193 143 0 316.500000
9 0 143 0 0 0 0 0 0 0 0 0 0 0.000000
9 0 0 0 172 193 143 0 143 0 193 143 0 257.000000
9 0 0 0 172 193 0 143 0 0 0 0 0 46.000000
9 0 0 0 172 193 0 0 143 172 193 0 0 151.500000
10 143 0 152 0 0 0 0 0 0 0 0 0 82.500000
10 0 143 0 0 193 143 143 0 0 0 0 0 128.500000
10 0 143 0 0 193 0 143 152 172 0 143 0 234.000000
10 0 143 0 0 193 143 0 0 172 193 0 0 234.000000
10 0 143 0 0 193 0 0 152 143 193 143 0 293.500000
10 0 0 0 172 0 143 0 0 0 0 0 0 23.000000
10 0 0 0 172 0 0 143 152 143 193 143 0 234.000000
10 0 0 0 172 0 0 0 152 172 0 143 0 128.500000
11 143 0 152 0 0 143 0 0 0 0 0 0 105.500000
11 143 0 152 0 0 0 0 152 172 0 143 0 211.000000
11 143 0 152 0 0 0 143 143 0 193 143 0 316.500000
11 0 143 0 0 193 0 143 0 0 0 0 0 105.500000
11 0 143 0 0 193 0 0 0 172 193 0 0 211.000000
11 0 143 0 0 193 143 0 152 143 193 143 0 316.500000
11 0 0 0 172 0 0 0 0 0 0 0 0 0.000000
12 143 0 152 0 0 143 143 0 0 0 0 0 128.500000
12 143 0 152 0 0 143 0 143 172 193 0 0 234.000000
12 143 0 152 0 0 0 143 152 172 0 143 0 234.000000
12 143 0 152 0 0 0 0 143 0 193 143 0 293.500000
12 0 143 0 0 193 0 0 0 0 0 0 0 82.500000
12 0 0 0 172 0 143 0 143 0 193 143 0 234.000000
12 0 0 0 172 0 0 143 0 0 0 0 0 23.000000
12 0 0 0 172 0 0 0 143 172 193 0 0 128.500000
13 143 0 152 0 0 143 143 0 143 193 143 0 257.000000
13 143 0 152 0 0 143 0 0 172 0 143 0 151.500000
13 143 0 152 0 0 0 0 152 0 0 0 0 105.500000
13 0 143 0 0 193 143 143 152 0 0 0 0 151.500000
13 0 143 0 0 193 0 143 0 172 0 143 0 151.500000
13 0 143 0 0 193 143 0 152 172 193 0 0 257.000000
13 0 143 0 0 193 0 0 0 143 193 143 0 211.000000
13 0 0 0 172 0 143 0 152 0 0 0 0 46.000000
13 0 0 0 172 0 0 143 0 143 193 143 0 151.500000
13 0 0 0 172 0 0 0 0 172 0 143 0 46.000000
14 143 0 152 0 0 143 143 0 143 193 0 0 234.000000
14 143 0 152 0 0 143 0 0 172 0 0 0 128.500000
14 143 0 152 0 0 0 0 152 0 0 143 0 188.000000
14 0 143 0 0 193 143 143 152 0 0 143 0 234.000000
14 0 143 0 0 193 0 143 0 172 0 0 0 128.500000
14 0 143 0 0 193 0 0 0 143 193 0 0 188.000000
14 0 0 0 172 0 143 0 152 0 0 143 0 128.500000
14 0 0 0 172 0 0 143 0 143 193 0 0 128.500000
14 0 0 0 172 0 0 0 0 172 0 0 0 23.000000
15 143 0 152 0 0 143 143 0 0 193 0 0 151.500000
15 143 0 152 0 0 143 0 143 172 0 0 0 151.500000
15 143 0 152 0 0 0 143 152 172 193 143 0 257.000000
15 143 0 152 0 0 0 0 143 0 0 143 0 211.000000
15 0 143 0 0 193 143 143 143 0 0 143 0 257.000000
15 0 143 0 0 193 0 143 143 172 0 0 0 151.500000
15 0 143 0 0 193 0 0 0 0 193 0 0 105.500000
15 0 0 0 172 0 143 0 143 0 0 143 0 151.500000
15 0 0 0 172 0 0 143 0 0 193 0 0 46.000000
15 0 0 0 172 0 0 0 143 172 0 0 0 46.000000
16 143 143 152 0 0 0 0 0 0 0 0 0 105.500000
16 0 143 0 172 0 143 0 0 0 0 0 0 46.000000
16 0 143 0 172 0 0 143 152 143 193 143 0 257.000000
16 0 143 0 172 0 0 0 152 172 0 143 0 151.500000
16 143 0 152 172 193 0 143 0 0 0 0 0 151.500000
16 0 0 0 0 193 143 143 0 0 0 0 0 46.000000
16 0 0 0 0 193 0 143 152 172 0 143 0 151.500000
16 143 0 152 172 193 0 0 0 172 193 0 0 257.000000
16 0 0 0 0 193 143 0 0 172 193 0 0 151.500000
16 0 0 0 0 193 0 0 152 143 193 143 0 211.000000
17 143 143 152 0 0 143 0 0 0 0 0 0 128.500000
17 143 143 152 0 0 0 0 152 172 0 143 0 234.000000
17 143 143 152 0 0 0 143 143 0 193 143 0 339.500000
17 0 143 0 172 0 0 0 0 0 0 0 0 23.000000
17 0 0 0 0 193 0 143 0 0 0 0 0 23.000000
17 0 0 0 0 193 0 0 0 172 193 0 0 128.500000
17 143 0 152 172 193 0 0 152 143 193 143 0 339.500000
17 0 0 0 0 193 143 0 152 143 193 143 0 234.000000
18 143 143 152 0 0 143 143 0 0 0 0 0 151.500000
18 143 143 152 0 0 143 0 143 172 193 0 0 257.000000
18 143 143 152 0 0 0 143 152 172 0 143 0 257.000000
18 143 143 152 0 0 0 0 143 0 193 143 0 316.500000
18 0 143 0 172 0 143 0 143 0 193 143 0 257.000000
18 0 143 0 172 0 0 143 0 0 0 0 0 46.000000
18 0 143 0 172 0 0 0 143 172 193 0 0 151.500000
18 0 0 0 0 193 0 0 0 0 0 0 0 0.000000
19 143 143 152 0 0 143 143 0 143 193 143 0 280.000000
19 143 143 152 0 0 143 0 0 172 0 143 0 174.500000
19 143 143 152 0 0 0 0 152 0 0 0 0 128.500000
19 0 143 0 172 0 143 0 152 0 0 0 0 69.000000
19 0 143 0 172 0 0 143 0 143 193 143 0 174.500000
19 0 143 0 172 0 0 0 0 172 0 143 0 69.000000
19 143 0 152 172 193 0 143 152 0 0 0 0 174.500000
19 0 0 0 0 193 143 143 152 0 0 0 0 69.000000
19 0 0 0 0 193 0 143 0 172 0 143 0 69.000000
19 143 0 152 172 193 0 0 152 172 193 0 0 280.000000
19 0 0 0 0 193 143 0 152 172 193 0 0 174.500000
19 0 0 0 0 193 0 0 0 143 193 143 0 128.500000
20 143 143 152 0 0 143 143 0 143 193 0 0 257.000000
20 143 143 152 0 0 143 0 0 172 0 0 0 151.500000
20 143 143 152 0 0 0 0 152 0 0 143 0 211.000000
20 0 143 0 172 0 143 0 152 0 0 143 0 151.500000
20 0 143 0 172 0 0 143 0 143 193 0 0 151.500000
20 0 143 0 172 0 0 0 0 172 0 0 0 46.000000
20 143 0 152 172 193 0 143 152 0 0 143 0 257.000000
20 0 0 0 0 193 143 143 152 0 0 143 0 151.500000
20 0 0 0 0 193 0 143 0 172 0 0 0 46.000000
20 0 0 0 0 193 0 0 0 143 193 0 0 105.500000
21 143 143 152 0 0 143 143 0 0 193 0 0 174.500000
21 143 143 152 0 0 143 0 143 172 0 0 0 174.500000
21 143 143 152 0 0 0 143 152 172 193 143 0 280.000000
21 143 143 152 0 0 0 0 143 0 0 143 0 234.000000
21 0 143 0 172 0 143 0 143 0 0 143 0 174.500000
21 0 143 0 172 0 0 143 0 0 193 0 0 69.000000
21 0 143 0 172 0 0 0 143 172 0 0 0 69.000000
21 143 0 152 172 193 0 143 143 0 0 143 0 280.000000
21 0 0 0 0 193 143 143 143 0 0 143 0 174.500000
21 0 0 0 0 193 0 143 143 172 0 0 0 69.000000
21 0 0 0 0 193 0 0 0 0 193 0 0 23.000000
22 143 143 152 0 193 0 143 0 0 0 0 0 211.000000
22 143 143 152 0 193 0 0 0 172 193 0 0 316.500000
22 143 0 152 172 0 0 0 0 0 0 0 0 105.500000
22 0 0 0 0 0 143 0 0 0 0 0 0 0.000000
22 0 0 0 0 0 0 0 152 172 0 143 0 105.500000
22 0 143 0 172 193 0 0 143 0 193 143 0 316.500000
22 0 0 0 0 0 0 143 143 0 193 143 0 211.000000
23 143 143 152 0 193 0 0 0 0 0 0 0 188.000000
23 143 0 152 172 0 0 143 0 0 0 0 0 128.500000
23 143 0 152 172 0 0 0 143 172 193 0 0 234.000000
23 0 143 0 172 193 143 0 0 0 0 0 0 128.500000
23 0 0 0 0 0 143 143 0 0 0 0 0 23.000000
23 0 0 0 0 0 143 0 143 172 193 0 0 128.500000
23 0 143 0 172 193 0 0 152 172 0 143 0 234.000000
23 0 0 0 0 0 0 143 152 172 0 143 0 128.500000
23 0 0 0 0 0 0 0 143 0 193 143 0 188.000000
24 143 143 152 0 193 0 143 0 172 0 143 0 257.000000
24 143 143 152 0 193 0 0 0 143 193 143 0 316.500000
24 143 0 152 172 0 0 143 0 143 193 143 0 257.000000
24 143 0 152 172 0 0 0 0 172 0 143 0 151.500000
24 0 143 0 172 193 143 0 0 143 193 143 0 257.000000
24 0 0 0 0 0 143 143 0 143 193 143 0 151.500000
24 0 0 0 0 0 143 0 0 172 0 143 0 46.000000
24 0 0 0 0 0 0 0 152 0 0 0 0 0.000000
25 143 143 152 0 193 0 143 0 172 0 0 0 234.000000
25 143 143 152 0 193 0 0 0 143 193 0 0 293.500000
25 143 0 152 172 0 0 143 0 143 193 0 0 234.000000
25 143 0 152 172 0 0 0 0 172 0 0 0 128.500000
25 0 143 0 172 193 143 0 0 143 193 0 0 234.000000
25 0 0 0 0 0 143 143 0 143 193 0 0 128.500000
25 0 0 0 0 0 143 0 0 172 0 0 0 23.000000
25 0 0 0 0 0 0 0 152 0 0 143 0 82.500000
26 143 143 152 0 193 0 143 143 172 0 0 0 257.000000
26 143 143 152 0 193 0 0 0 0 193 0 0 211.000000
26 143 0 152 172 0 0 143 0 0 193 0 0 151.500000
26 143 0 152 172 0 0 0 143 172 0 0 0 151.500000
26 0 143 0 172 193 143 0 0 0 193 0 0 151.500000
26 0 0 0 0 0 143 143 0 0 193 0 0 46.000000
26 0 0 0 0 0 143 0 143 172 0 0 0 46.000000
26 0 143 0 172 193 0 0 152 172 193 143 0 257.000000
26 0 0 0 0 0 0 143 152 172 193 143 0 151.500000
26 0 0 0 0 0 0 0 143 0 0 143 0 105.500000
27 143 0 152 172 0 0 0 143 0 193 143 0 316.500000
27 0 143 0 172 193 0 0 0 0 0 0 0 105.500000
27 143 143 152 0 193 143 0 0 0 0 0 0 211.000000
27 0 0 0 0 0 143 0 143 0 193 143 0 211.000000
27 0 0 0 0 0 0 143 0 0 0 0 0 0.000000
27 143 143 152 0 193 0 0 152 172 0 143 0 316.500000
27 0 0 0 0 0 0 0 143 172 193 0 0 105.500000
28 143 0 152 172 0 0 0 152 0 0 0 0 128.500000
28 0 143 0 172 193 0 0 0 143 193 143 0 234.000000
28 143 143 152 0 193 143 0 0 143 193 143 0 339.500000
28 0 0 0 0 0 143 0 152 0 0 0 0 23.000000
28 143 143 152 0 193 0 143 152 0 0 0 0 234.000000
28 0 0 0 0 0 0 143 0 143 193 143 0 128.500000
28 0 0 0 0 0 0 0 0 172 0 143 0 23.000000
28 143 143 152 0 193 0 0 152 172 193 0 0 339.500000
29 143 0 152 172 0 0 0 152 0 0 143 0 211.000000
29 0 143 0 172 193 0 0 0 143 193 0 0 211.000000
29 143 143 152 0 193 143 0 0 143 193 0 0 316.500000
29 0 0 0 0 0 143 0 152 0 0 143 0 105.500000
29 143 143 152 0 193 0 143 152 0 0 143 0 316.500000
29 0 0 0 0 0 0 143 0 143 193 0 0 105.500000
29 0 0 0 0 0 0 0 0 172 0 0 0 0.000000
30 143 0 152 172 0 0 0 143 0 0 143 0 234.000000
30 0 143 0 172 193 0 0 0 0 193 0 0 128.500000
30 143 143 152 0 193 143 0 0 0 193 0 0 234.000000
30 0 0 0 0 0 143 0 143 0 0 143 0 128.500000
30 143 143 152 0 193 0 143 143 0 0 143 0 339.500000
30 0 0 0 0 0 0 143 0 0 193 0 0 23.000000
30 143 143 152 0 193 0 0 152 172 193 143 0 339.500000
30 0 0 0 0 0 0 0 143 172 0 0 0 23.000000
31 143 143 152 0 193 143 0 0 172 0 143 0 257.000000
31 143 143 152 0 193 0 0 152 0 0 0 0 211.000000
31 0 143 0 172 193 143 0 152 0 0 0 0 151.500000
31 0 143 0 172 193 0 0 0 172 0 143 0 151.500000
31 143 0 152 172 0 0 143 152 0 0 0 0 151.500000
31 0 0 0 0 0 143 143 152 0 0 0 0 46.000000
31 0 0 0 0 0 0 143 0 172 0 143 0 46.000000
31 143 0 152 172 0 0 0 152 172 193 0 0 257.000000
31 0 0 0 0 0 143 0 152 172 193 0 0 151.500000
31 0 0 0 0 0 0 0 0 143 193 143 0 105.500000
32 143 143 152 0 193 143 0 0 172 0 0 0 234.000000
32 143 143 152 0 193 0 0 152 0 0 143 0 293.500000
32 0 143 0 172 193 143 0 152 0 0 143 0 234.000000
32 0 143 0 172 193 0 0 0 172 0 0 0 128.500000
32 143 0 152 172 0 0 143 152 0 0 143 0 234.000000
32 0 0 0 0 0 143 143 152 0 0 143 0 128.500000
32 0 0 0 0 0 0 143 0 172 0 0 0 23.000000
32 0 0 0 0 0 0 0 0 143 193 0 0 82.500000
33 143 143 152 0 193 143 0 143 172 0 0 0 257.000000
33 143 143 152 0 193 0 0 143 0 0 143 0 316.500000
33 0 143 0 172 193 143 0 143 0 0 143 0 257.000000
33 0 143 0 172 193 0 0 143 172 0 0 0 151.500000
33 143 0 152 172 0 0 143 143 0 0 143 0 257.000000
33 0 0 0 0 0 143 143 143 0 0 143 0 151.500000
33 0 0 0 0 0 0 143 143 172 0 0 0 46.000000
33 0 0 0 0 0 0 0 0 0 193 0 0 0.000000
34 143 143 152 0 193 0 143 152 172 0 0 0 257.000000
34 143 143 152 0 193 0 0 152 143 193 0 0 316.500000
34 143 0 152 172 0 0 143 152 143 193 0 0 257.000000
34 143 0 152 172 0 0 0 152 172 0 0 0 151.500000
34 0 143 0 172 193 143 0 152 143 193 0 0 257.000000
34 0 0 0 0 0 143 143 152 143 193 0 0 151.500000
34 0 0 0 0 0 143 0 152 172 0 0 0 46.000000
34 0 0 0 0 0 0 0 0 0 0 143 0 0.000000
35 143 143 152 0 193 0 143 143 172 0 0 0 280.000000
35 143 143 152 0 193 0 0 152 0 193 0 0 234.000000
35 143 0 152 172 0 0 143 152 0 193 0 0 174.500000
35 143 0 152 172 0 0 0 143 172 0 0 0 174.500000
35 0 143 0 172 193 143 0 152 0 193 0 0 174.500000
35 0 0 0 0 0 143 143 152 0 193 0 0 69.000000
35 0 0 0 0 0 143 0 143 172 0 0 0 69.000000
35 0 143 0 172 193 0 0 0 172 193 143 0 174.500000
35 143 143 152 0 193 143 0 0 172 193 143 0 280.000000
35 0 0 0 0 0 0 143 0 172 193 143 0 69.000000
35 0 0 0 0 0 0 0 143 0 0 143 0 23.000000
36 0 143 0 172 193 0 0 0 172 193 0 0 151.500000
36 143 143 152 0 193 143 0 0 172 193 0 0 257.000000
36 0 0 0 0 0 0 143 0 172 193 0 0 46.000000
36 143 143 152 0 193 0 0 152 0 193 143 0 316.500000
36 143 0 152 172 0 0 143 152 0 193 143 0 257.000000
36 0 143 0 172 193 143 0 152 0 193 143 0 257.000000
36 0 0 0 0 0 143 143 152 0 193 143 0 151.500000
36 0 0 0 0 0 0 0 143 0 0 0 0 0.000000
