1 330 0 0 0 0 0 0 0 0 0 0 0 0 0 0 0 0.000000
1 0 0 167 59 0 96 293 0 0 0 0 0 0 0 0 0 69.000000
1 0 168 167 0 234 96 293 228 0 0 74 0 162 201 0 177 266.500000
1 0 168 167 0 234 96 293 228 89 0 0 0 0 0 0 0 138.000000
1 0 0 167 59 0 96 0 228 0 383 74 0 0 0 0 0 115.000000
1 0 168 167 0 234 96 0 0 89 383 74 0 0 0 0 0 138.000000
1 0 168 167 0 234 96 0 0 0 383 0 0 162 201 0 177 220.500000
1 0 0 167 59 0 96 0 228 89 383 0 0 162 201 0 177 243.500000
1 0 0 167 59 0 0 293 0 0 383 0 354 162 0 62 0 197.500000
1 0 168 167 0 234 0 293 228 89 383 0 354 162 0 62 0 266.500000
1 0 0 167 59 0 0 0 228 0 0 74 354 162 0 62 0 197.500000
1 0 168 167 0 234 0 0 0 89 0 74 354 162 0 62 0 220.500000
1 0 168 167 0 234 0 0 0 0 0 0 354 0 201 62 177 257.000000
1 0 0 167 59 0 0 0 228 89 0 0 354 0 201 62 177 280.000000
1 0 0 167 59 0 0 293 0 89 383 74 354 0 201 62 177 326.000000
2 330 168 0 0 0 0 0 0 0 0 0 0 0 0 0 0 23.000000
2 330 0 0 59 234 96 293 0 89 0 74 354 162 0 62 0 266.500000
2 330 0 0 59 234 96 293 0 0 0 0 354 0 201 62 177 303.000000
2 330 0 0 59 234 0 293 0 89 383 74 0 0 0 0 0 138.000000
2 330 0 0 59 234 0 293 0 0 383 0 0 162 201 0 177 220.500000
2 330 0 0 59 234 96 0 228 0 383 74 354 0 201 62 177 349.000000
2 330 0 0 59 234 0 0 228 0 0 74 0 162 201 0 177 220.500000
2 330 0 0 59 234 0 0 228 89 0 0 0 0 0 0 0 92.000000
2 0 168 167 59 0 96 293 0 0 0 0 0 0 0 0 0 92.000000
2 0 0 167 0 234 96 293 228 0 0 74 0 162 201 0 177 243.500000
2 0 0 167 0 234 96 293 228 89 0 0 0 0 0 0 0 115.000000
2 0 168 167 59 0 96 0 228 0 383 74 0 0 0 0 0 138.000000
2 0 0 167 0 234 96 0 0 89 383 74 0 0 0 0 0 115.000000
2 0 0 167 0 234 96 0 0 0 383 0 0 162 201 0 177 197.500000
2 0 168 167 59 0 96 0 228 89 383 0 0 162 201 0 177 266.500000
2 0 168 167 59 0 0 293 0 0 383 0 354 162 0 62 0 220.500000
2 0 0 167 0 234 0 293 228 89 383 0 354 162 0 62 0 243.500000
2 0 168 167 59 0 0 0 228 0 0 74 354 162 0 62 0 220.500000
2 0 0 167 0 234 0 0 0 89 0 74 354 162 0 62 0 197.500000
2 0 0 167 0 234 0 0 0 0 0 0 354 0 201 62 177 234.000000
2 0 168 167 59 0 0 0 228 89 0 0 354 0 201 62 177 303.000000
2 0 168 167 59 0 0 293 0 89 383 74 354 0 201 62 177 349.000000
3 330 168 0 0 234 96 293 228 89 0 0 0 0 0 0 0 138.000000
3 330 168 0 0 234 0 293 228 89 383 0 354 162 0 62 0 266.500000
3 330 168 0 0 234 96 0 0 89 383 74 0 0 0 0 0 138.000000
3 330 168 0 0 234 0 0 0 89 0 74 354 162 0 62 0 220.500000
3 330 168 0 0 234 96 0 0 0 383 0 0 162 201 0 177 220.500000
3 330 168 0 0 234 96 293 228 0 0 74 0 162 201 0 177 266.500000
3 330 168 0 0 234 0 0 0 0 0 0 354 0 201 62 177 257.000000
3 330 0 0 59 0 96 293 0 0 0 0 0 0 0 0 0 69.000000
3 330 0 0 59 0 0 293 0 89 383 74 354 0 201 62 177 326.000000
3 330 0 0 59 0 0 293 0 0 383 0 354 162 0 62 0 197.500000
3 330 0 0 59 0 96 0 228 0 383 74 0 0 0 0 0 115.000000
3 330 0 0 59 0 0 0 228 0 0 74 354 162 0 62 0 197.500000
3 330 0 0 59 0 96 0 228 89 383 0 0 162 201 0 177 243.500000
3 330 0 0 59 0 0 0 228 89 0 0 354 0 201 62 177 280.000000
3 0 0 167 0 0 0 0 0 0 0 0 0 0 0 0 0 0.000000
4 330 168 0 0 234 0 293 228 89 0 0 0 0 0 0 0 115.000000
4 330 168 0 0 234 0 0 0 89 383 74 0 0 0 0 0 115.000000
4 330 168 0 0 234 96 0 0 89 0 74 354 162 0 62 0 243.500000
4 330 168 0 0 234 0 0 0 0 383 0 0 162 201 0 177 197.500000
4 330 168 0 0 234 0 293 228 0 0 74 0 162 201 0 177 243.500000
4 330 168 0 0 234 96 0 0 0 0 0 354 0 201 62 177 280.000000
4 330 0 0 59 0 0 293 0 0 0 0 0 0 0 0 0 46.000000
4 330 0 0 59 0 0 0 228 0 383 74 0 0 0 0 0 92.000000
4 330 0 0 59 0 96 0 228 0 0 74 354 162 0 62 0 220.500000
4 330 0 0 59 0 0 0 228 89 383 0 0 162 201 0 177 220.500000
4 330 0 0 59 0 96 0 228 89 0 0 354 0 201 62 177 303.000000
4 0 0 167 0 0 96 0 0 0 0 0 0 0 0 0 0 23.000000
4 0 0 167 0 0 0 0 0 0 383 0 354 162 0 62 0 151.500000
4 0 0 167 0 0 0 293 228 0 0 74 354 162 0 62 0 197.500000
4 0 168 167 59 234 0 293 0 89 0 74 354 162 0 62 0 266.500000
4 0 168 167 59 234 0 293 0 0 0 0 354 0 201 62 177 303.000000
4 0 168 167 59 234 0 0 228 0 383 74 354 0 201 62 177 349.000000
4 0 0 167 0 0 0 293 228 89 0 0 354 0 201 62 177 280.000000
4 0 0 167 0 0 0 0 0 89 383 74 354 0 201 62 177 280.000000
5 330 168 0 0 234 0 0 228 89 0 0 0 0 0 0 0 92.000000
5 330 168 0 0 234 0 293 0 89 383 74 0 0 0 0 0 138.000000
5 330 168 0 0 234 96 293 0 89 0 74 354 162 0 62 0 266.500000
5 330 168 0 0 234 0 293 0 0 383 0 0 162 201 0 177 220.500000
5 330 168 0 0 234 0 0 228 0 0 74 0 162 201 0 177 220.500000
5 330 168 0 0 234 96 293 0 0 0 0 354 0 201 62 177 303.000000
5 330 168 0 0 234 96 0 228 0 383 74 354 0 201 62 177 349.000000
5 330 0 0 59 0 0 0 0 0 0 0 0 0 0 0 0 23.000000
5 0 0 167 0 0 96 293 0 0 0 0 0 0 0 0 0 46.000000
5 0 0 167 0 0 96 0 228 0 383 74 0 0 0 0 0 92.000000
5 0 168 167 59 234 96 0 0 89 383 74 0 0 0 0 0 161.000000
5 0 168 167 59 234 96 0 0 0 383 0 0 162 201 0 177 243.500000
5 0 0 167 0 0 96 0 228 89 383 0 0 162 201 0 177 220.500000
5 0 0 167 0 0 0 293 0 0 383 0 354 162 0 62 0 174.500000
5 0 0 167 0 0 0 0 228 0 0 74 354 162 0 62 0 174.500000
5 0 168 167 59 234 0 0 0 89 0 74 354 162 0 62 0 243.500000
5 0 168 167 59 234 0 0 0 0 0 0 354 0 201 62 177 280.000000
5 0 0 167 0 0 0 0 228 89 0 0 354 0 201 62 177 257.000000
5 0 0 167 0 0 0 293 0 89 383 74 354 0 201 62 177 303.000000
6 330 168 0 0 234 96 293 228 89 0 0 354 162 0 62 0 266.500000
6 330 168 0 0 234 0 293 228 89 383 0 0 0 0 0 0 138.000000
6 330 168 0 0 234 0 0 0 89 0 74 0 0 0 0 0 92.000000
6 330 168 0 0 234 0 0 0 0 0 0 0 162 201 0 177 174.500000
6 330 168 0 0 234 96 293 228 0 0 74 354 0 201 62 177 349.000000
6 330 168 0 0 234 96 0 0 0 383 0 354 0 201 62 177 303.000000
6 330 0 0 59 0 96 293 0 0 0 0 354 162 0 62 0 197.500000
6 330 0 0 59 0 96 293 0 89 0 74 354 0 201 62 177 326.000000
6 330 0 0 59 0 0 293 0 0 383 0 0 0 0 0 0 69.000000
6 330 0 0 59 0 0 0 228 0 0 74 0 0 0 0 0 69.000000
6 330 0 0 59 0 0 0 228 89 0 0 0 162 201 0 177 197.500000
6 330 0 0 59 0 96 0 228 89 383 0 354 0 201 62 177 326.000000
6 0 168 167 59 234 96 293 0 89 0 74 0 0 0 0 0 161.000000
6 0 168 167 59 234 96 293 0 0 0 0 0 162 201 0 177 243.500000
6 0 0 167 0 0 96 293 228 0 0 74 0 0 0 0 0 92.000000
6 0 0 167 0 0 96 293 228 89 0 0 0 162 201 0 177 220.500000
6 0 0 167 0 0 96 0 0 0 383 0 0 0 0 0 0 46.000000
6 0 0 167 0 0 0 0 0 0 0 0 354 162 0 62 0 128.500000
6 0 168 167 59 234 0 293 0 0 383 0 354 0 201 62 177 326.000000
6 0 168 167 59 234 0 0 228 0 0 74 354 0 201 62 177 326.000000
6 0 0 167 0 0 0 293 228 89 383 0 354 0 201 62 177 303.000000
6 0 0 167 0 0 0 0 0 89 0 74 354 0 201 62 177 257.000000
7 330 168 0 0 234 0 0 0 89 0 0 0 0 0 0 0 69.000000
7 330 168 0 0 234 0 293 228 0 383 0 0 162 201 0 177 243.500000
7 330 168 0 0 234 0 0 0 0 0 74 0 162 201 0 177 197.500000
7 330 168 0 0 234 96 293 228 0 0 0 354 0 201 62 177 326.000000
7 330 168 0 0 234 96 0 0 0 383 74 354 0 201 62 177 326.000000
7 330 0 0 59 0 96 293 0 0 0 74 354 162 0 62 0 220.500000
7 330 0 0 59 0 96 293 0 89 0 0 354 0 201 62 177 303.000000
7 330 0 0 59 0 0 293 0 0 383 74 0 0 0 0 0 92.000000
7 330 0 0 59 0 0 293 0 89 383 0 0 162 201 0 177 220.500000
7 330 0 0 59 0 0 0 228 0 0 0 0 0 0 0 0 46.000000
7 0 168 167 59 234 96 293 0 89 0 0 0 0 0 0 0 138.000000
7 0 168 167 59 234 96 293 0 0 0 74 0 162 201 0 177 266.500000
7 0 0 167 0 0 96 293 228 0 0 0 0 0 0 0 0 69.000000
7 0 0 167 0 0 96 0 0 0 383 74 0 0 0 0 0 69.000000
7 0 168 167 59 234 96 0 228 0 383 0 0 162 201 0 177 266.500000
7 0 0 167 0 0 96 0 0 89 383 0 0 162 201 0 177 197.500000
7 0 168 167 59 234 0 293 0 89 383 0 354 162 0 62 0 266.500000
7 0 0 167 0 0 0 293 228 0 383 0 354 162 0 62 0 197.500000
7 0 0 167 0 0 0 0 0 0 0 74 354 162 0 62 0 151.500000
7 0 168 167 59 234 0 293 0 0 383 74 354 0 201 62 177 349.000000
7 0 168 167 59 234 0 0 228 0 0 0 354 0 201 62 177 303.000000
7 0 0 167 0 0 0 0 0 89 0 0 354 0 201 62 177 234.000000
8 330 168 0 0 234 0 0 0 0 0 0 0 0 0 0 0 46.000000
8 330 0 0 59 0 96 293 0 89 0 74 354 162 0 62 0 243.500000
8 330 0 0 59 0 96 293 0 0 0 0 354 0 201 62 177 280.000000
8 330 0 0 59 0 0 293 0 89 383 74 0 0 0 0 0 115.000000
8 330 0 0 59 0 0 293 0 0 383 0 0 162 201 0 177 197.500000
8 330 0 0 59 0 96 0 228 0 383 74 354 0 201 62 177 326.000000
8 330 0 0 59 0 0 0 228 0 0 74 0 162 201 0 177 197.500000
8 330 0 0 59 0 0 0 228 89 0 0 0 0 0 0 0 69.000000
8 0 168 167 59 234 96 293 0 0 0 0 0 0 0 0 0 115.000000
8 0 0 167 0 0 96 293 228 0 0 74 0 162 201 0 177 220.500000
8 0 0 167 0 0 96 293 228 89 0 0 0 0 0 0 0 92.000000
8 0 168 167 59 234 96 0 228 0 383 74 0 0 0 0 0 161.000000
8 0 0 167 0 0 96 0 0 89 383 74 0 0 0 0 0 92.000000
8 0 0 167 0 0 96 0 0 0 383 0 0 162 201 0 177 174.500000
8 0 168 167 59 234 0 293 0 0 383 0 354 162 0 62 0 243.500000
8 0 0 167 0 0 0 293 228 89 383 0 354 162 0 62 0 220.500000
8 0 168 167 59 234 0 0 228 0 0 74 354 162 0 62 0 243.500000
8 0 0 167 0 0 0 0 0 89 0 74 354 162 0 62 0 174.500000
8 0 0 167 0 0 0 0 0 0 0 0 354 0 201 62 177 211.000000
9 330 168 0 0 234 96 293 228 89 0 0 354 0 0 0 0 161.000000
9 330 168 0 0 234 0 293 228 89 383 0 0 162 0 62 0 184.000000
9 330 168 0 0 234 96 0 0 89 383 74 354 0 0 0 0 161.000000
9 330 168 0 0 234 0 0 0 89 0 74 0 162 0 62 0 138.000000
9 330 168 0 0 234 96 0 0 0 383 0 354 162 201 0 177 243.500000
9 330 168 0 0 234 96 293 228 0 0 74 354 162 201 0 177 289.500000
9 330 168 0 0 234 0 0 0 0 0 0 0 0 201 62 177 174.500000
9 330 0 0 59 0 96 293 0 0 0 0 354 0 0 0 0 92.000000
9 330 0 0 59 0 0 293 0 89 383 74 0 0 201 62 177 243.500000
9 330 0 0 59 0 0 293 0 0 383 0 0 162 0 62 0 115.000000
9 330 0 0 59 0 96 0 228 0 383 74 354 0 0 0 0 138.000000
9 330 0 0 59 0 0 0 228 0 0 74 0 162 0 62 0 115.000000
9 330 0 0 59 0 96 0 228 89 383 0 354 162 201 0 177 266.500000
9 330 0 0 59 0 0 0 228 89 0 0 0 0 201 62 177 197.500000
9 0 168 167 59 234 96 293 0 89 0 74 0 162 0 62 0 207.000000
9 0 168 167 59 234 96 293 0 0 0 0 0 0 201 62 177 243.500000
9 0 0 167 0 0 96 293 228 0 0 74 0 162 0 62 0 138.000000
9 0 0 167 0 0 96 293 228 89 0 0 0 0 201 62 177 220.500000
9 0 168 167 59 234 96 0 228 0 383 74 0 0 201 62 177 289.500000
9 0 0 167 0 0 96 0 0 89 383 74 0 0 201 62 177 220.500000
9 0 0 167 0 0 96 0 0 0 383 0 0 162 0 62 0 92.000000
9 0 0 167 0 0 0 0 0 0 0 0 354 0 0 0 0 23.000000
10 330 168 0 0 234 96 293 228 89 0 0 354 0 0 62 0 243.500000
10 330 168 0 0 234 0 293 228 89 383 0 0 162 0 0 0 161.000000
10 330 168 0 0 234 96 0 0 89 383 74 354 0 0 62 0 243.500000
10 330 168 0 0 234 0 0 0 89 0 74 0 162 0 0 0 115.000000
10 330 168 0 0 234 0 0 0 0 0 0 0 0 201 0 177 151.500000
10 330 0 0 59 0 96 293 0 0 0 0 354 0 0 62 0 174.500000
10 330 0 0 59 0 0 293 0 89 383 74 0 0 201 0 177 220.500000
10 330 0 0 59 0 0 293 0 0 383 0 0 162 0 0 0 92.000000
10 330 0 0 59 0 96 0 228 0 383 74 354 0 0 62 0 220.500000
10 330 0 0 59 0 0 0 228 0 0 74 0 162 0 0 0 92.000000
10 330 0 0 59 0 0 0 228 89 0 0 0 0 201 0 177 174.500000
10 0 168 167 59 234 96 293 0 89 0 74 0 162 0 0 0 184.000000
10 0 168 167 59 234 96 293 0 0 0 0 0 0 201 0 177 220.500000
10 0 0 167 0 0 96 293 228 0 0 74 0 162 0 0 0 115.000000
10 0 0 167 0 0 96 293 228 89 0 0 0 0 201 0 177 197.500000
10 0 168 167 59 234 96 0 228 0 383 74 0 0 201 0 177 266.500000
10 0 0 167 0 0 96 0 0 89 383 74 0 0 201 0 177 197.500000
10 0 0 167 0 0 96 0 0 0 383 0 0 162 0 0 0 69.000000
10 0 0 167 0 0 0 0 0 0 0 0 354 0 0 62 0 105.500000
11 330 168 0 0 234 96 293 228 89 0 0 354 0 0 62 177 266.500000
11 330 168 0 0 234 0 293 228 89 383 0 0 162 0 0 177 184.000000
11 330 168 0 0 234 96 0 0 89 383 74 354 0 0 62 177 266.500000
11 330 168 0 0 234 0 0 0 89 0 74 0 162 0 0 177 138.000000
11 330 168 0 0 234 0 0 0 0 0 0 0 0 201 0 0 69.000000
11 330 0 0 59 0 96 293 0 89 0 74 354 162 201 62 0 266.500000
11 330 0 0 59 0 96 293 0 0 0 0 354 0 0 62 177 197.500000
11 330 0 0 59 0 0 293 0 89 383 74 0 0 201 0 0 138.000000
11 330 0 0 59 0 0 293 0 0 383 0 0 162 0 0 177 115.000000
11 330 0 0 59 0 96 0 228 0 383 74 354 0 0 62 177 243.500000
11 330 0 0 59 0 0 0 228 0 0 74 0 162 0 0 177 115.000000
11 330 0 0 59 0 0 0 228 89 0 0 0 0 201 0 0 92.000000
11 0 168 167 59 234 96 293 0 89 0 74 0 162 0 0 177 207.000000
11 0 168 167 59 234 96 293 0 0 0 0 0 0 201 0 0 138.000000
11 0 0 167 0 0 96 293 228 0 0 74 0 162 0 0 177 138.000000
11 0 0 167 0 0 96 293 228 89 0 0 0 0 201 0 0 115.000000
11 0 168 167 59 234 96 0 228 0 383 74 0 0 201 0 0 184.000000
11 0 0 167 0 0 96 0 0 89 383 74 0 0 201 0 0 115.000000
11 0 0 167 0 0 96 0 0 0 383 0 0 162 0 0 177 92.000000
11 0 168 167 59 234 0 293 0 0 383 0 354 162 201 62 0 266.500000
11 0 0 167 0 0 0 293 228 89 383 0 354 162 201 62 0 243.500000
11 0 168 167 59 234 0 0 228 0 0 74 354 162 201 62 0 266.500000
11 0 0 167 0 0 0 0 0 89 0 74 354 162 201 62 0 197.500000
11 0 0 167 0 0 0 0 0 0 0 0 354 0 0 62 177 128.500000
12 330 0 167 0 234 96 293 228 0 0 74 0 162 201 0 177 266.500000
12 330 0 167 0 234 96 293 228 89 0 0 0 0 0 0 0 138.000000
12 330 0 167 0 234 96 0 0 89 383 74 0 0 0 0 0 138.000000
12 330 0 167 0 234 96 0 0 0 383 0 0 162 201 0 177 220.500000
12 330 0 167 0 234 0 293 228 89 383 0 354 162 0 62 0 266.500000
12 330 0 167 0 234 0 0 0 89 0 74 354 162 0 62 0 220.500000
12 330 0 167 0 234 0 0 0 0 0 0 354 0 201 62 177 257.000000
12 0 168 0 0 0 0 0 0 0 0 0 0 0 0 0 0 0.000000
12 0 0 0 59 234 96 293 0 89 0 74 354 162 0 62 0 243.500000
12 0 0 0 59 234 96 293 0 0 0 0 354 0 201 62 177 280.000000
12 0 0 0 59 234 0 293 0 89 383 74 0 0 0 0 0 115.000000
12 0 0 0 59 234 0 293 0 0 383 0 0 162 201 0 177 197.500000
12 0 0 0 59 234 96 0 228 0 383 74 354 0 201 62 177 326.000000
12 0 0 0 59 234 0 0 228 0 0 74 0 162 201 0 177 197.500000
12 0 0 0 59 234 0 0 228 89 0 0 0 0 0 0 0 69.000000
13 330 0 167 0 0 0 0 0 0 0 0 0 0 0 0 0 23.000000
13 0 168 0 0 234 96 293 228 89 0 0 0 0 0 0 0 115.000000
13 0 168 0 0 234 0 293 228 89 383 0 354 162 0 62 0 243.500000
13 0 168 0 0 234 96 0 0 89 383 74 0 0 0 0 0 115.000000
13 0 168 0 0 234 0 0 0 89 0 74 354 162 0 62 0 197.500000
13 0 168 0 0 234 96 0 0 0 383 0 0 162 201 0 177 197.500000
13 0 168 0 0 234 96 293 228 0 0 74 0 162 201 0 177 243.500000
13 0 168 0 0 234 0 0 0 0 0 0 354 0 201 62 177 234.000000
13 0 0 0 59 0 96 293 0 0 0 0 0 0 0 0 0 46.000000
13 0 0 0 59 0 0 293 0 89 383 74 354 0 201 62 177 303.000000
13 0 0 0 59 0 0 293 0 0 383 0 354 162 0 62 0 174.500000
13 0 0 0 59 0 96 0 228 0 383 74 0 0 0 0 0 92.000000
13 0 0 0 59 0 0 0 228 0 0 74 354 162 0 62 0 174.500000
13 0 0 0 59 0 96 0 228 89 383 0 0 162 201 0 177 220.500000
13 0 0 0 59 0 0 0 228 89 0 0 354 0 201 62 177 257.000000
14 330 0 167 0 0 96 0 0 0 0 0 0 0 0 0 0 46.000000
14 330 0 167 0 0 0 0 0 0 383 0 354 162 0 62 0 174.500000
14 330 0 167 0 0 0 293 228 0 0 74 354 162 0 62 0 220.500000
14 330 0 167 0 0 0 293 228 89 0 0 354 0 201 62 177 303.000000
14 330 0 167 0 0 0 0 0 89 383 74 354 0 201 62 177 303.000000
14 0 168 0 0 234 0 293 228 89 0 0 0 0 0 0 0 92.000000
14 0 168 0 0 234 0 0 0 89 383 74 0 0 0 0 0 92.000000
14 0 168 0 0 234 96 0 0 89 0 74 354 162 0 62 0 220.500000
14 0 168 0 0 234 0 0 0 0 383 0 0 162 201 0 177 174.500000
14 0 168 0 0 234 0 293 228 0 0 74 0 162 201 0 177 220.500000
14 0 168 0 0 234 96 0 0 0 0 0 354 0 201 62 177 257.000000
14 0 0 0 59 0 0 293 0 0 0 0 0 0 0 0 0 23.000000
14 0 0 0 59 0 0 0 228 0 383 74 0 0 0 0 0 69.000000
14 0 0 0 59 0 96 0 228 0 0 74 354 162 0 62 0 197.500000
14 0 0 0 59 0 0 0 228 89 383 0 0 162 201 0 177 197.500000
14 0 0 0 59 0 96 0 228 89 0 0 354 0 201 62 177 280.000000
15 330 0 167 0 0 96 293 0 0 0 0 0 0 0 0 0 69.000000
15 330 0 167 0 0 96 0 228 0 383 74 0 0 0 0 0 115.000000
15 330 0 167 0 0 96 0 228 89 383 0 0 162 201 0 177 243.500000
15 330 0 167 0 0 0 293 0 0 383 0 354 162 0 62 0 197.500000
15 330 0 167 0 0 0 0 228 0 0 74 354 162 0 62 0 197.500000
15 330 0 167 0 0 0 0 228 89 0 0 354 0 201 62 177 280.000000
15 330 0 167 0 0 0 293 0 89 383 74 354 0 201 62 177 326.000000
15 0 168 0 0 234 0 0 228 89 0 0 0 0 0 0 0 69.000000
15 0 168 0 0 234 0 293 0 89 383 74 0 0 0 0 0 115.000000
15 0 168 0 0 234 96 293 0 89 0 74 354 162 0 62 0 243.500000
15 0 168 0 0 234 0 293 0 0 383 0 0 162 201 0 177 197.500000
15 0 168 0 0 234 0 0 228 0 0 74 0 162 201 0 177 197.500000
15 0 168 0 0 234 96 293 0 0 0 0 354 0 201 62 177 280.000000
15 0 168 0 0 234 96 0 228 0 383 74 354 0 201 62 177 326.000000
15 0 0 0 59 0 0 0 0 0 0 0 0 0 0 0 0 0.000000
16 330 0 167 0 0 96 293 228 0 0 74 0 0 0 0 0 115.000000
16 330 0 167 0 0 96 293 228 89 0 0 0 162 201 0 177 243.500000
16 330 0 167 0 0 96 0 0 0 383 0 0 0 0 0 0 69.000000
16 330 0 167 0 0 0 0 0 0 0 0 354 162 0 62 0 151.500000
16 330 0 167 0 0 0 293 228 89 383 0 354 0 201 62 177 326.000000
16 330 0 167 0 0 0 0 0 89 0 74 354 0 201 62 177 280.000000
16 0 168 0 0 234 96 293 228 89 0 0 354 162 0 62 0 243.500000
16 0 168 0 0 234 0 293 228 89 383 0 0 0 0 0 0 115.000000
16 0 168 0 0 234 0 0 0 89 0 74 0 0 0 0 0 69.000000
16 0 168 0 0 234 0 0 0 0 0 0 0 162 201 0 177 151.500000
16 0 168 0 0 234 96 293 228 0 0 74 354 0 201 62 177 326.000000
16 0 168 0 0 234 96 0 0 0 383 0 354 0 201 62 177 280.000000
16 0 0 0 59 0 96 293 0 0 0 0 354 162 0 62 0 174.500000
16 0 0 0 59 0 96 293 0 89 0 74 354 0 201 62 177 303.000000
16 0 0 0 59 0 0 293 0 0 383 0 0 0 0 0 0 46.000000
16 0 0 0 59 0 0 0 228 0 0 74 0 0 0 0 0 46.000000
16 0 0 0 59 0 0 0 228 89 0 0 0 162 201 0 177 174.500000
16 0 0 0 59 0 96 0 228 89 383 0 354 0 201 62 177 303.000000
17 330 0 167 0 0 96 293 228 0 0 0 0 0 0 0 0 92.000000
17 330 0 167 0 0 96 0 0 0 383 74 0 0 0 0 0 92.000000
17 330 0 167 0 0 96 0 0 89 383 0 0 162 201 0 177 220.500000
17 330 0 167 0 0 0 293 228 0 383 0 354 162 0 62 0 220.500000
17 330 0 167 0 0 0 0 0 0 0 74 354 162 0 62 0 174.500000
17 330 0 167 0 0 0 0 0 89 0 0 354 0 201 62 177 257.000000
17 0 168 0 0 234 0 0 0 89 0 0 0 0 0 0 0 46.000000
17 0 168 0 0 234 0 293 228 0 383 0 0 162 201 0 177 220.500000
17 0 168 0 0 234 0 0 0 0 0 74 0 162 201 0 177 174.500000
17 0 168 0 0 234 96 293 228 0 0 0 354 0 201 62 177 303.000000
17 0 168 0 0 234 96 0 0 0 383 74 354 0 201 62 177 303.000000
17 0 0 0 59 0 96 293 0 0 0 74 354 162 0 62 0 197.500000
17 0 0 0 59 0 96 293 0 89 0 0 354 0 201 62 177 280.000000
17 0 0 0 59 0 0 293 0 0 383 74 0 0 0 0 0 69.000000
17 0 0 0 59 0 0 293 0 89 383 0 0 162 201 0 177 197.500000
17 0 0 0 59 0 0 0 228 0 0 0 0 0 0 0 0 23.000000
18 330 0 167 0 0 96 293 228 0 0 74 0 162 201 0 177 243.500000
18 330 0 167 0 0 96 293 228 89 0 0 0 0 0 0 0 115.000000
18 330 0 167 0 0 96 0 0 89 383 74 0 0 0 0 0 115.000000
18 330 0 167 0 0 96 0 0 0 383 0 0 162 201 0 177 197.500000
18 330 0 167 0 0 0 293 228 89 383 0 354 162 0 62 0 243.500000
18 330 0 167 0 0 0 0 0 89 0 74 354 162 0 62 0 197.500000
18 330 0 167 0 0 0 0 0 0 0 0 354 0 201 62 177 234.000000
18 0 168 0 0 234 0 0 0 0 0 0 0 0 0 0 0 23.000000
18 0 0 0 59 0 96 293 0 89 0 74 354 162 0 62 0 220.500000
18 0 0 0 59 0 96 293 0 0 0 0 354 0 201 62 177 257.000000
18 0 0 0 59 0 0 293 0 89 383 74 0 0 0 0 0 92.000000
18 0 0 0 59 0 0 293 0 0 383 0 0 162 201 0 177 174.500000
18 0 0 0 59 0 96 0 228 0 383 74 354 0 201 62 177 303.000000
18 0 0 0 59 0 0 0 228 0 0 74 0 162 201 0 177 174.500000
18 0 0 0 59 0 0 0 228 89 0 0 0 0 0 0 0 46.000000
19 330 0 167 0 0 96 293 228 0 0 74 0 162 0 62 0 161.000000
19 330 0 167 0 0 96 293 228 89 0 0 0 0 201 62 177 243.500000
19 330 0 167 0 0 96 0 0 89 383 74 0 0 201 62 177 243.500000
19 330 0 167 0 0 96 0 0 0 383 0 0 162 0 62 0 115.000000
19 330 0 167 0 0 0 0 0 0 0 0 354 0 0 0 0 46.000000
19 0 168 0 0 234 96 293 228 89 0 0 354 0 0 0 0 138.000000
19 0 168 0 0 234 0 293 228 89 383 0 0 162 0 62 0 161.000000
19 0 168 0 0 234 96 0 0 89 383 74 354 0 0 0 0 138.000000
19 0 168 0 0 234 0 0 0 89 0 74 0 162 0 62 0 115.000000
19 0 168 0 0 234 96 0 0 0 383 0 354 162 201 0 177 220.500000
19 0 168 0 0 234 96 293 228 0 0 74 354 162 201 0 177 266.500000
19 0 168 0 0 234 0 0 0 0 0 0 0 0 201 62 177 151.500000
19 0 0 0 59 0 96 293 0 0 0 0 354 0 0 0 0 69.000000
19 0 0 0 59 0 0 293 0 89 383 74 0 0 201 62 177 220.500000
19 0 0 0 59 0 0 293 0 0 383 0 0 162 0 62 0 92.000000
19 0 0 0 59 0 96 0 228 0 383 74 354 0 0 0 0 115.000000
19 0 0 0 59 0 0 0 228 0 0 74 0 162 0 62 0 92.000000
19 0 0 0 59 0 96 0 228 89 383 0 354 162 201 0 177 243.500000
19 0 0 0 59 0 0 0 228 89 0 0 0 0 201 62 177 174.500000
20 330 0 167 0 0 96 293 228 0 0 74 0 162 0 0 0 138.000000
20 330 0 167 0 0 96 293 228 89 0 0 0 0 201 0 177 220.500000
20 330 0 167 0 0 96 0 0 89 383 74 0 0 201 0 177 220.500000
20 330 0 167 0 0 96 0 0 0 383 0 0 162 0 0 0 92.000000
20 330 0 167 0 0 0 0 0 0 0 0 354 0 0 62 0 128.500000
20 0 168 0 0 234 96 293 228 89 0 0 354 0 0 62 0 220.500000
20 0 168 0 0 234 0 293 228 89 383 0 0 162 0 0 0 138.000000
20 0 168 0 0 234 96 0 0 89 383 74 354 0 0 62 0 220.500000
20 0 168 0 0 234 0 0 0 89 0 74 0 162 0 0 0 92.000000
20 0 168 0 0 234 0 0 0 0 0 0 0 0 201 0 177 128.500000
20 0 0 0 59 0 96 293 0 0 0 0 354 0 0 62 0 151.500000
20 0 0 0 59 0 0 293 0 89 383 74 0 0 201 0 177 197.500000
20 0 0 0 59 0 0 293 0 0 383 0 0 162 0 0 0 69.000000
20 0 0 0 59 0 96 0 228 0 383 74 354 0 0 62 0 197.500000
20 0 0 0 59 0 0 0 228 0 0 74 0 162 0 0 0 69.000000
20 0 0 0 59 0 0 0 228 89 0 0 0 0 201 0 177 151.500000
21 330 0 167 0 0 96 293 228 0 0 74 0 162 0 0 177 161.000000
21 330 0 167 0 0 96 293 228 89 0 0 0 0 201 0 0 138.000000
21 330 0 167 0 0 96 0 0 89 383 74 0 0 201 0 0 138.000000
21 330 0 167 0 0 96 0 0 0 383 0 0 162 0 0 177 115.000000
21 330 0 167 0 0 0 293 228 89 383 0 354 162 201 62 0 266.500000
21 330 0 167 0 0 0 0 0 89 0 74 354 162 201 62 0 220.500000
21 330 0 167 0 0 0 0 0 0 0 0 354 0 0 62 177 151.500000
21 0 168 0 0 234 96 293 228 89 0 0 354 0 0 62 177 243.500000
21 0 168 0 0 234 0 293 228 89 383 0 0 162 0 0 177 161.000000
21 0 168 0 0 234 96 0 0 89 383 74 354 0 0 62 177 243.500000
21 0 168 0 0 234 0 0 0 89 0 74 0 162 0 0 177 115.000000
21 0 168 0 0 234 0 0 0 0 0 0 0 0 201 0 0 46.000000
21 0 0 0 59 0 96 293 0 89 0 74 354 162 201 62 0 243.500000
21 0 0 0 59 0 96 293 0 0 0 0 354 0 0 62 177 174.500000
21 0 0 0 59 0 0 293 0 89 383 74 0 0 201 0 0 115.000000
21 0 0 0 59 0 0 293 0 0 383 0 0 162 0 0 177 92.000000
21 0 0 0 59 0 96 0 228 0 383 74 354 0 0 62 177 220.500000
21 0 0 0 59 0 0 0 228 0 0 74 0 162 0 0 177 92.000000
21 0 0 0 59 0 0 0 228 89 0 0 0 0 201 0 0 69.000000
22 330 168 167 0 0 0 0 0 0 0 0 0 0 0 0 0 46.000000
22 0 168 0 59 0 96 293 0 0 0 0 0 0 0 0 0 69.000000
22 0 168 0 59 0 0 293 0 89 383 74 354 0 201 62 177 326.000000
22 0 168 0 59 0 0 293 0 0 383 0 354 162 0 62 0 197.500000
22 0 168 0 59 0 96 0 228 0 383 74 0 0 0 0 0 115.000000
22 0 168 0 59 0 0 0 228 0 0 74 354 162 0 62 0 197.500000
22 0 168 0 59 0 96 0 228 89 383 0 0 162 201 0 177 243.500000
22 0 168 0 59 0 0 0 228 89 0 0 354 0 201 62 177 280.000000
22 330 0 167 59 234 0 0 228 89 0 0 0 0 0 0 0 115.000000
22 0 0 0 0 234 96 293 228 89 0 0 0 0 0 0 0 92.000000
22 0 0 0 0 234 0 293 228 89 383 0 354 162 0 62 0 220.500000
22 0 0 0 0 234 96 0 0 89 383 74 0 0 0 0 0 92.000000
22 330 0 167 59 234 0 293 0 89 383 74 0 0 0 0 0 161.000000
22 0 0 0 0 234 0 0 0 89 0 74 354 162 0 62 0 174.500000
22 0 0 0 0 234 96 0 0 0 383 0 0 162 201 0 177 174.500000
22 330 0 167 59 234 0 293 0 0 383 0 0 162 201 0 177 243.500000
22 330 0 167 59 234 0 0 228 0 0 74 0 162 201 0 177 243.500000
22 0 0 0 0 234 96 293 228 0 0 74 0 162 201 0 177 220.500000
22 0 0 0 0 234 0 0 0 0 0 0 354 0 201 62 177 211.000000
23 330 168 167 0 0 96 0 0 0 0 0 0 0 0 0 0 69.000000
23 330 168 167 0 0 0 0 0 0 383 0 354 162 0 62 0 197.500000
23 330 168 167 0 0 0 293 228 0 0 74 354 162 0 62 0 243.500000
23 330 168 167 0 0 0 293 228 89 0 0 354 0 201 62 177 326.000000
23 330 168 167 0 0 0 0 0 89 383 74 354 0 201 62 177 326.000000
23 0 168 0 59 0 0 293 0 0 0 0 0 0 0 0 0 46.000000
23 0 168 0 59 0 0 0 228 0 383 74 0 0 0 0 0 92.000000
23 0 168 0 59 0 96 0 228 0 0 74 354 162 0 62 0 220.500000
23 0 168 0 59 0 0 0 228 89 383 0 0 162 201 0 177 220.500000
23 0 168 0 59 0 96 0 228 89 0 0 354 0 201 62 177 303.000000
23 330 0 167 59 234 96 0 228 89 0 0 0 0 0 0 0 138.000000
23 330 0 167 59 234 0 0 228 89 383 0 354 162 0 62 0 266.500000
23 0 0 0 0 234 0 293 228 89 0 0 0 0 0 0 0 69.000000
23 0 0 0 0 234 0 0 0 89 383 74 0 0 0 0 0 69.000000
23 330 0 167 59 234 0 293 0 89 0 74 354 162 0 62 0 266.500000
23 0 0 0 0 234 96 0 0 89 0 74 354 162 0 62 0 197.500000
23 0 0 0 0 234 0 0 0 0 383 0 0 162 201 0 177 151.500000
23 330 0 167 59 234 96 0 228 0 0 74 0 162 201 0 177 266.500000
23 0 0 0 0 234 0 293 228 0 0 74 0 162 201 0 177 197.500000
23 330 0 167 59 234 0 293 0 0 0 0 354 0 201 62 177 303.000000
23 330 0 167 59 234 0 0 228 0 383 74 354 0 201 62 177 349.000000
23 0 0 0 0 234 96 0 0 0 0 0 354 0 201 62 177 234.000000
24 330 168 167 0 0 96 293 0 0 0 0 0 0 0 0 0 92.000000
24 330 168 167 0 0 96 0 228 0 383 74 0 0 0 0 0 138.000000
24 330 168 167 0 0 96 0 228 89 383 0 0 162 201 0 177 266.500000
24 330 168 167 0 0 0 293 0 0 383 0 354 162 0 62 0 220.500000
24 330 168 167 0 0 0 0 228 0 0 74 354 162 0 62 0 220.500000
24 330 168 167 0 0 0 0 228 89 0 0 354 0 201 62 177 303.000000
24 330 168 167 0 0 0 293 0 89 383 74 354 0 201 62 177 349.000000
24 0 168 0 59 0 0 0 0 0 0 0 0 0 0 0 0 23.000000
24 0 0 0 0 234 0 0 228 89 0 0 0 0 0 0 0 46.000000
24 330 0 167 59 234 96 0 0 89 383 74 0 0 0 0 0 161.000000
24 0 0 0 0 234 0 293 0 89 383 74 0 0 0 0 0 92.000000
24 330 0 167 59 234 0 0 0 89 0 74 354 162 0 62 0 243.500000
24 0 0 0 0 234 96 293 0 89 0 74 354 162 0 62 0 220.500000
24 330 0 167 59 234 96 0 0 0 383 0 0 162 201 0 177 243.500000
24 0 0 0 0 234 0 293 0 0 383 0 0 162 201 0 177 174.500000
24 0 0 0 0 234 0 0 228 0 0 74 0 162 201 0 177 174.500000
24 330 0 167 59 234 0 0 0 0 0 0 354 0 201 62 177 280.000000
24 0 0 0 0 234 96 293 0 0 0 0 354 0 201 62 177 257.000000
24 0 0 0 0 234 96 0 228 0 383 74 354 0 201 62 177 303.000000
25 330 168 167 0 0 96 293 228 0 0 74 0 0 0 0 0 138.000000
25 330 168 167 0 0 96 293 228 89 0 0 0 162 201 0 177 266.500000
25 330 168 167 0 0 96 0 0 0 383 0 0 0 0 0 0 92.000000
25 330 168 167 0 0 0 0 0 0 0 0 354 162 0 62 0 174.500000
25 330 168 167 0 0 0 293 228 89 383 0 354 0 201 62 177 349.000000
25 330 168 167 0 0 0 0 0 89 0 74 354 0 201 62 177 303.000000
25 0 168 0 59 0 96 293 0 0 0 0 354 162 0 62 0 197.500000
25 0 168 0 59 0 96 293 0 89 0 74 354 0 201 62 177 326.000000
25 0 168 0 59 0 0 293 0 0 383 0 0 0 0 0 0 69.000000
25 0 168 0 59 0 0 0 228 0 0 74 0 0 0 0 0 69.000000
25 0 168 0 59 0 0 0 228 89 0 0 0 162 201 0 177 197.500000
25 0 168 0 59 0 96 0 228 89 383 0 354 0 201 62 177 326.000000
25 330 0 167 59 234 96 0 228 89 383 0 0 0 0 0 0 161.000000
25 330 0 167 59 234 0 0 228 89 0 0 354 162 0 62 0 243.500000
25 0 0 0 0 234 96 293 228 89 0 0 354 162 0 62 0 220.500000
25 0 0 0 0 234 0 293 228 89 383 0 0 0 0 0 0 92.000000
25 0 0 0 0 234 0 0 0 89 0 74 0 0 0 0 0 46.000000
25 0 0 0 0 234 0 0 0 0 0 0 0 162 201 0 177 128.500000
25 330 0 167 59 234 0 293 0 0 383 0 354 0 201 62 177 326.000000
25 330 0 167 59 234 0 0 228 0 0 74 354 0 201 62 177 326.000000
25 0 0 0 0 234 96 293 228 0 0 74 354 0 201 62 177 303.000000
25 0 0 0 0 234 96 0 0 0 383 0 354 0 201 62 177 257.000000
26 330 168 167 0 0 96 293 228 0 0 0 0 0 0 0 0 115.000000
26 330 168 167 0 0 96 0 0 0 383 74 0 0 0 0 0 115.000000
26 330 168 167 0 0 96 0 0 89 383 0 0 162 201 0 177 243.500000
26 330 168 167 0 0 0 293 228 0 383 0 354 162 0 62 0 243.500000
26 330 168 167 0 0 0 0 0 0 0 74 354 162 0 62 0 197.500000
26 330 168 167 0 0 0 0 0 89 0 0 354 0 201 62 177 280.000000
26 0 168 0 59 0 96 293 0 0 0 74 354 162 0 62 0 220.500000
26 0 168 0 59 0 96 293 0 89 0 0 354 0 201 62 177 303.000000
26 0 168 0 59 0 0 293 0 0 383 74 0 0 0 0 0 92.000000
26 0 168 0 59 0 0 293 0 89 383 0 0 162 201 0 177 220.500000
26 0 168 0 59 0 0 0 228 0 0 0 0 0 0 0 0 46.000000
26 0 0 0 0 234 0 0 0 89 0 0 0 0 0 0 0 23.000000
26 330 0 167 59 234 96 0 228 0 383 0 0 162 201 0 177 266.500000
26 0 0 0 0 234 0 293 228 0 383 0 0 162 201 0 177 197.500000
26 0 0 0 0 234 0 0 0 0 0 74 0 162 201 0 177 151.500000
26 330 0 167 59 234 0 293 0 0 383 74 354 0 201 62 177 349.000000
26 330 0 167 59 234 0 0 228 0 0 0 354 0 201 62 177 303.000000
26 0 0 0 0 234 96 293 228 0 0 0 354 0 201 62 177 280.000000
26 0 0 0 0 234 96 0 0 0 383 74 354 0 201 62 177 280.000000
27 330 168 167 0 0 96 293 228 0 0 74 0 162 201 0 177 266.500000
27 330 168 167 0 0 96 293 228 89 0 0 0 0 0 0 0 138.000000
27 330 168 167 0 0 96 0 0 89 383 74 0 0 0 0 0 138.000000
27 330 168 167 0 0 96 0 0 0 383 0 0 162 201 0 177 220.500000
27 330 168 167 0 0 0 293 228 89 383 0 354 162 0 62 0 266.500000
27 330 168 167 0 0 0 0 0 89 0 74 354 162 0 62 0 220.500000
27 330 168 167 0 0 0 0 0 0 0 0 354 0 201 62 177 257.000000
27 0 168 0 59 0 96 293 0 89 0 74 354 162 0 62 0 243.500000
27 0 168 0 59 0 96 293 0 0 0 0 354 0 201 62 177 280.000000
27 0 168 0 59 0 0 293 0 89 383 74 0 0 0 0 0 115.000000
27 0 168 0 59 0 0 293 0 0 383 0 0 162 201 0 177 197.500000
27 0 168 0 59 0 96 0 228 0 383 74 354 0 201 62 177 326.000000
27 0 168 0 59 0 0 0 228 0 0 74 0 162 201 0 177 197.500000
27 0 168 0 59 0 0 0 228 89 0 0 0 0 0 0 0 69.000000
27 0 0 0 0 234 0 0 0 0 0 0 0 0 0 0 0 0.000000
28 330 168 167 0 0 96 293 228 0 0 74 0 162 0 62 0 184.000000
28 330 168 167 0 0 96 293 228 89 0 0 0 0 201 62 177 266.500000
28 330 168 167 0 0 96 0 0 89 383 74 0 0 201 62 177 266.500000
28 330 168 167 0 0 96 0 0 0 383 0 0 162 0 62 0 138.000000
28 330 168 167 0 0 0 0 0 0 0 0 354 0 0 0 0 69.000000
28 0 168 0 59 0 96 293 0 0 0 0 354 0 0 0 0 92.000000
28 0 168 0 59 0 0 293 0 89 383 74 0 0 201 62 177 243.500000
28 0 168 0 59 0 0 293 0 0 383 0 0 162 0 62 0 115.000000
28 0 168 0 59 0 96 0 228 0 383 74 354 0 0 0 0 138.000000
28 0 168 0 59 0 0 0 228 0 0 74 0 162 0 62 0 115.000000
28 0 168 0 59 0 96 0 228 89 383 0 354 162 201 0 177 266.500000
28 0 168 0 59 0 0 0 228 89 0 0 0 0 201 62 177 197.500000
28 330 0 167 59 234 96 0 228 89 383 0 0 162 0 62 0 207.000000
28 330 0 167 59 234 0 0 228 89 0 0 354 0 0 0 0 138.000000
28 0 0 0 0 234 96 293 228 89 0 0 354 0 0 0 0 115.000000
28 0 0 0 0 234 0 293 228 89 383 0 0 162 0 62 0 138.000000
28 0 0 0 0 234 96 0 0 89 383 74 354 0 0 0 0 115.000000
28 330 0 167 59 234 0 293 0 89 383 74 354 0 0 0 0 184.000000
28 0 0 0 0 234 0 0 0 89 0 74 0 162 0 62 0 92.000000
28 0 0 0 0 234 96 0 0 0 383 0 354 162 201 0 177 197.500000
28 330 0 167 59 234 0 293 0 0 383 0 354 162 201 0 177 266.500000
28 330 0 167 59 234 0 0 228 0 0 74 354 162 201 0 177 266.500000
28 0 0 0 0 234 96 293 228 0 0 74 354 162 201 0 177 243.500000
28 0 0 0 0 234 0 0 0 0 0 0 0 0 201 62 177 128.500000
29 330 168 167 0 0 96 293 228 0 0 74 0 162 0 0 0 161.000000
29 330 168 167 0 0 96 293 228 89 0 0 0 0 201 0 177 243.500000
29 330 168 167 0 0 96 0 0 89 383 74 0 0 201 0 177 243.500000
29 330 168 167 0 0 96 0 0 0 383 0 0 162 0 0 0 115.000000
29 330 168 167 0 0 0 0 0 0 0 0 354 0 0 62 0 151.500000
29 0 168 0 59 0 96 293 0 0 0 0 354 0 0 62 0 174.500000
29 0 168 0 59 0 0 293 0 89 383 74 0 0 201 0 177 220.500000
29 0 168 0 59 0 0 293 0 0 383 0 0 162 0 0 0 92.000000
29 0 168 0 59 0 96 0 228 0 383 74 354 0 0 62 0 220.500000
29 0 168 0 59 0 0 0 228 0 0 74 0 162 0 0 0 92.000000
29 0 168 0 59 0 0 0 228 89 0 0 0 0 201 0 177 174.500000
29 330 0 167 59 234 96 0 228 89 383 0 0 162 0 0 0 184.000000
29 330 0 167 59 234 0 0 228 89 0 0 354 0 0 62 0 220.500000
29 0 0 0 0 234 96 293 228 89 0 0 354 0 0 62 0 197.500000
29 0 0 0 0 234 0 293 228 89 383 0 0 162 0 0 0 115.000000
29 0 0 0 0 234 96 0 0 89 383 74 354 0 0 62 0 197.500000
29 330 0 167 59 234 0 293 0 89 383 74 354 0 0 62 0 266.500000
29 0 0 0 0 234 0 0 0 89 0 74 0 162 0 0 0 69.000000
29 0 0 0 0 234 0 0 0 0 0 0 0 0 201 0 177 105.500000
30 330 168 167 0 0 96 293 228 0 0 74 0 162 0 0 177 184.000000
30 330 168 167 0 0 96 293 228 89 0 0 0 0 201 0 0 161.000000
30 330 168 167 0 0 96 0 0 89 383 74 0 0 201 0 0 161.000000
30 330 168 167 0 0 96 0 0 0 383 0 0 162 0 0 177 138.000000
30 330 168 167 0 0 0 293 228 89 383 0 354 162 201 62 0 289.500000
30 330 168 167 0 0 0 0 0 89 0 74 354 162 201 62 0 243.500000
30 330 168 167 0 0 0 0 0 0 0 0 354 0 0 62 177 174.500000
30 0 168 0 59 0 96 293 0 89 0 74 354 162 201 62 0 266.500000
30 0 168 0 59 0 96 293 0 0 0 0 354 0 0 62 177 197.500000
30 0 168 0 59 0 0 293 0 89 383 74 0 0 201 0 0 138.000000
30 0 168 0 59 0 0 293 0 0 383 0 0 162 0 0 177 115.000000
30 0 168 0 59 0 96 0 228 0 383 74 354 0 0 62 177 243.500000
30 0 168 0 59 0 0 0 228 0 0 74 0 162 0 0 177 115.000000
30 0 168 0 59 0 0 0 228 89 0 0 0 0 201 0 0 92.000000
30 330 0 167 59 234 96 0 228 89 383 0 0 162 0 0 177 207.000000
30 330 0 167 59 234 0 0 228 89 0 0 354 0 0 62 177 243.500000
30 0 0 0 0 234 96 293 228 89 0 0 354 0 0 62 177 220.500000
30 0 0 0 0 234 0 293 228 89 383 0 0 162 0 0 177 138.000000
30 0 0 0 0 234 96 0 0 89 383 74 354 0 0 62 177 220.500000
30 330 0 167 59 234 0 293 0 89 383 74 354 0 0 62 177 289.500000
30 0 0 0 0 234 0 0 0 89 0 74 0 162 0 0 177 92.000000
30 0 0 0 0 234 0 0 0 0 0 0 0 0 201 0 0 23.000000
31 330 168 167 0 234 0 293 228 89 0 0 0 0 0 0 0 138.000000
31 330 168 167 0 234 0 0 0 89 383 74 0 0 0 0 0 138.000000
31 330 168 167 0 234 0 0 0 0 383 0 0 162 201 0 177 220.500000
31 330 168 167 0 234 0 293 228 0 0 74 0 162 201 0 177 266.500000
31 330 0 167 59 0 0 293 0 0 0 0 0 0 0 0 0 69.000000
31 330 0 167 59 0 0 0 228 0 383 74 0 0 0 0 0 115.000000
31 330 0 167 59 0 0 0 228 89 383 0 0 162 201 0 177 243.500000
31 0 0 0 0 0 96 0 0 0 0 0 0 0 0 0 0 0.000000
31 0 0 0 0 0 0 0 0 0 383 0 354 162 0 62 0 128.500000
31 0 0 0 0 0 0 293 228 0 0 74 354 162 0 62 0 174.500000
31 0 168 0 59 234 0 293 0 89 0 74 354 162 0 62 0 243.500000
31 0 168 0 59 234 0 293 0 0 0 0 354 0 201 62 177 280.000000
31 0 168 0 59 234 0 0 228 0 383 74 354 0 201 62 177 326.000000
31 0 0 0 0 0 0 293 228 89 0 0 354 0 201 62 177 257.000000
31 0 0 0 0 0 0 0 0 89 383 74 354 0 201 62 177 257.000000
32 330 168 167 0 234 0 0 228 89 0 0 0 0 0 0 0 115.000000
32 330 168 167 0 234 0 293 0 89 383 74 0 0 0 0 0 161.000000
32 330 168 167 0 234 0 293 0 0 383 0 0 162 201 0 177 243.500000
32 330 168 167 0 234 0 0 228 0 0 74 0 162 201 0 177 243.500000
32 330 0 167 59 0 0 0 0 0 0 0 0 0 0 0 0 46.000000
32 0 0 0 0 0 96 293 0 0 0 0 0 0 0 0 0 23.000000
32 0 0 0 0 0 96 0 228 0 383 74 0 0 0 0 0 69.000000
32 0 168 0 59 234 96 0 0 89 383 74 0 0 0 0 0 138.000000
32 0 168 0 59 234 96 0 0 0 383 0 0 162 201 0 177 220.500000
32 0 0 0 0 0 96 0 228 89 383 0 0 162 201 0 177 197.500000
32 0 0 0 0 0 0 293 0 0 383 0 354 162 0 62 0 151.500000
32 0 0 0 0 0 0 0 228 0 0 74 354 162 0 62 0 151.500000
32 0 168 0 59 234 0 0 0 89 0 74 354 162 0 62 0 220.500000
32 0 168 0 59 234 0 0 0 0 0 0 354 0 201 62 177 257.000000
32 0 0 0 0 0 0 0 228 89 0 0 354 0 201 62 177 234.000000
32 0 0 0 0 0 0 293 0 89 383 74 354 0 201 62 177 280.000000
33 330 168 167 0 234 0 293 228 89 383 0 0 0 0 0 0 161.000000
33 330 168 167 0 234 0 0 0 89 0 74 0 0 0 0 0 115.000000
33 330 168 167 0 234 0 0 0 0 0 0 0 162 201 0 177 197.500000
33 330 0 167 59 0 0 293 0 0 383 0 0 0 0 0 0 92.000000
33 330 0 167 59 0 0 0 228 0 0 74 0 0 0 0 0 92.000000
33 330 0 167 59 0 0 0 228 89 0 0 0 162 201 0 177 220.500000
33 0 168 0 59 234 96 293 0 89 0 74 0 0 0 0 0 138.000000
33 0 168 0 59 234 96 293 0 0 0 0 0 162 201 0 177 220.500000
33 0 0 0 0 0 96 293 228 0 0 74 0 0 0 0 0 69.000000
33 0 0 0 0 0 96 293 228 89 0 0 0 162 201 0 177 197.500000
33 0 0 0 0 0 96 0 0 0 383 0 0 0 0 0 0 23.000000
33 0 0 0 0 0 0 0 0 0 0 0 354 162 0 62 0 105.500000
33 0 168 0 59 234 0 293 0 0 383 0 354 0 201 62 177 303.000000
33 0 168 0 59 234 0 0 228 0 0 74 354 0 201 62 177 303.000000
33 0 0 0 0 0 0 293 228 89 383 0 354 0 201 62 177 280.000000
33 0 0 0 0 0 0 0 0 89 0 74 354 0 201 62 177 234.000000
34 330 168 167 0 234 0 0 0 89 0 0 0 0 0 0 0 92.000000
34 330 168 167 0 234 0 293 228 0 383 0 0 162 201 0 177 266.500000
34 330 168 167 0 234 0 0 0 0 0 74 0 162 201 0 177 220.500000
34 330 0 167 59 0 0 293 0 0 383 74 0 0 0 0 0 115.000000
34 330 0 167 59 0 0 293 0 89 383 0 0 162 201 0 177 243.500000
34 330 0 167 59 0 0 0 228 0 0 0 0 0 0 0 0 69.000000
34 0 168 0 59 234 96 293 0 89 0 0 0 0 0 0 0 115.000000
34 0 168 0 59 234 96 293 0 0 0 74 0 162 201 0 177 243.500000
34 0 0 0 0 0 96 293 228 0 0 0 0 0 0 0 0 46.000000
34 0 0 0 0 0 96 0 0 0 383 74 0 0 0 0 0 46.000000
34 0 168 0 59 234 96 0 228 0 383 0 0 162 201 0 177 243.500000
34 0 0 0 0 0 96 0 0 89 383 0 0 162 201 0 177 174.500000
34 0 168 0 59 234 0 293 0 89 383 0 354 162 0 62 0 243.500000
34 0 0 0 0 0 0 293 228 0 383 0 354 162 0 62 0 174.500000
34 0 0 0 0 0 0 0 0 0 0 74 354 162 0 62 0 128.500000
34 0 168 0 59 234 0 293 0 0 383 74 354 0 201 62 177 326.000000
34 0 168 0 59 234 0 0 228 0 0 0 354 0 201 62 177 280.000000
34 0 0 0 0 0 0 0 0 89 0 0 354 0 201 62 177 211.000000
35 330 168 167 0 234 0 0 0 0 0 0 0 0 0 0 0 69.000000
35 330 0 167 59 0 0 293 0 89 383 74 0 0 0 0 0 138.000000
35 330 0 167 59 0 0 293 0 0 383 0 0 162 201 0 177 220.500000
35 330 0 167 59 0 0 0 228 0 0 74 0 162 201 0 177 220.500000
35 330 0 167 59 0 0 0 228 89 0 0 0 0 0 0 0 92.000000
35 0 168 0 59 234 96 293 0 0 0 0 0 0 0 0 0 92.000000
35 0 0 0 0 0 96 293 228 0 0 74 0 162 201 0 177 197.500000
35 0 0 0 0 0 96 293 228 89 0 0 0 0 0 0 0 69.000000
35 0 168 0 59 234 96 0 228 0 383 74 0 0 0 0 0 138.000000
35 0 0 0 0 0 96 0 0 89 383 74 0 0 0 0 0 69.000000
35 0 0 0 0 0 96 0 0 0 383 0 0 162 201 0 177 151.500000
35 0 168 0 59 234 0 293 0 0 383 0 354 162 0 62 0 220.500000
35 0 0 0 0 0 0 293 228 89 383 0 354 162 0 62 0 197.500000
35 0 168 0 59 234 0 0 228 0 0 74 354 162 0 62 0 220.500000
35 0 0 0 0 0 0 0 0 89 0 74 354 162 0 62 0 151.500000
35 0 0 0 0 0 0 0 0 0 0 0 354 0 201 62 177 188.000000
36 330 168 167 0 234 0 293 228 89 383 0 0 162 0 62 0 207.000000
36 330 168 167 0 234 0 0 0 89 0 74 0 162 0 62 0 161.000000
36 330 168 167 0 234 0 0 0 0 0 0 0 0 201 62 177 197.500000
36 330 0 167 59 0 0 293 0 89 383 74 0 0 201 62 177 266.500000
36 330 0 167 59 0 0 293 0 0 383 0 0 162 0 62 0 138.000000
36 330 0 167 59 0 0 0 228 0 0 74 0 162 0 62 0 138.000000
36 330 0 167 59 0 0 0 228 89 0 0 0 0 201 62 177 220.500000
36 0 168 0 59 234 96 293 0 89 0 74 0 162 0 62 0 184.000000
36 0 168 0 59 234 96 293 0 0 0 0 0 0 201 62 177 220.500000
36 0 0 0 0 0 96 293 228 0 0 74 0 162 0 62 0 115.000000
36 0 0 0 0 0 96 293 228 89 0 0 0 0 201 62 177 197.500000
36 0 168 0 59 234 96 0 228 0 383 74 0 0 201 62 177 266.500000
36 0 0 0 0 0 96 0 0 89 383 74 0 0 201 62 177 197.500000
36 0 0 0 0 0 96 0 0 0 383 0 0 162 0 62 0 69.000000
36 0 0 0 0 0 0 0 0 0 0 0 354 0 0 0 0 0.000000
37 330 168 167 0 234 0 293 228 89 383 0 0 162 0 0 0 184.000000
37 330 168 167 0 234 0 0 0 89 0 74 0 162 0 0 0 138.000000
37 330 168 167 0 234 0 0 0 0 0 0 0 0 201 0 177 174.500000
37 330 0 167 59 0 0 293 0 89 383 74 0 0 201 0 177 243.500000
37 330 0 167 59 0 0 293 0 0 383 0 0 162 0 0 0 115.000000
37 330 0 167 59 0 0 0 228 0 0 74 0 162 0 0 0 115.000000
37 330 0 167 59 0 0 0 228 89 0 0 0 0 201 0 177 197.500000
37 0 168 0 59 234 96 293 0 89 0 74 0 162 0 0 0 161.000000
37 0 168 0 59 234 96 293 0 0 0 0 0 0 201 0 177 197.500000
37 0 0 0 0 0 96 293 228 0 0 74 0 162 0 0 0 92.000000
37 0 0 0 0 0 96 293 228 89 0 0 0 0 201 0 177 174.500000
37 0 168 0 59 234 96 0 228 0 383 74 0 0 201 0 177 243.500000
37 0 0 0 0 0 96 0 0 89 383 74 0 0 201 0 177 174.500000
37 0 0 0 0 0 96 0 0 0 383 0 0 162 0 0 0 46.000000
37 0 0 0 0 0 0 0 0 0 0 0 354 0 0 62 0 82.500000
38 330 168 167 0 234 0 293 228 89 383 0 0 162 0 0 177 207.000000
38 330 168 167 0 234 0 0 0 89 0 74 0 162 0 0 177 161.000000
38 330 168 167 0 234 0 0 0 0 0 0 0 0 201 0 0 92.000000
38 330 0 167 59 0 0 293 0 89 383 74 0 0 201 0 0 161.000000
38 330 0 167 59 0 0 293 0 0 383 0 0 162 0 0 177 138.000000
38 330 0 167 59 0 0 0 228 0 0 74 0 162 0 0 177 138.000000
38 330 0 167 59 0 0 0 228 89 0 0 0 0 201 0 0 115.000000
38 0 168 0 59 234 96 293 0 89 0 74 0 162 0 0 177 184.000000
38 0 168 0 59 234 96 293 0 0 0 0 0 0 201 0 0 115.000000
38 0 0 0 0 0 96 293 228 0 0 74 0 162 0 0 177 115.000000
38 0 0 0 0 0 96 293 228 89 0 0 0 0 201 0 0 92.000000
38 0 168 0 59 234 96 0 228 0 383 74 0 0 201 0 0 161.000000
38 0 0 0 0 0 96 0 0 89 383 74 0 0 201 0 0 92.000000
38 0 0 0 0 0 96 0 0 0 383 0 0 162 0 0 177 69.000000
38 0 168 0 59 234 0 293 0 0 383 0 354 162 201 62 0 243.500000
38 0 0 0 0 0 0 293 228 89 383 0 354 162 201 62 0 220.500000
38 0 168 0 59 234 0 0 228 0 0 74 354 162 201 62 0 243.500000
38 0 0 0 0 0 0 0 0 89 0 74 354 162 201 62 0 174.500000
38 0 0 0 0 0 0 0 0 0 0 0 354 0 0 62 177 105.500000
39 330 168 167 0 234 96 0 228 89 0 0 0 0 0 0 0 138.000000
39 330 168 167 0 234 96 0 228 0 0 74 0 162 201 0 177 266.500000
39 330 0 167 59 0 96 0 0 0 0 0 0 0 0 0 0 69.000000
39 0 0 0 0 0 96 0 228 0 0 74 354 162 0 62 0 174.500000
39 0 168 0 59 234 96 0 0 89 0 74 354 162 0 62 0 243.500000
39 0 168 0 59 234 96 0 0 0 0 0 354 0 201 62 177 280.000000
39 0 0 0 0 0 96 0 228 89 0 0 354 0 201 62 177 257.000000
39 0 0 0 0 0 0 293 0 0 0 0 0 0 0 0 0 0.000000
39 0 0 0 0 0 0 0 228 0 383 74 0 0 0 0 0 46.000000
39 0 168 0 59 234 0 0 0 89 383 74 0 0 0 0 0 115.000000
39 330 0 167 59 0 0 0 0 89 383 74 354 0 201 62 177 326.000000
39 330 168 167 0 234 0 0 228 89 383 0 354 162 0 62 0 266.500000
39 330 0 167 59 0 0 0 0 0 383 0 354 162 0 62 0 197.500000
39 0 168 0 59 234 0 0 0 0 383 0 0 162 201 0 177 197.500000
39 0 0 0 0 0 0 0 228 89 383 0 0 162 201 0 177 174.500000
40 330 168 167 0 234 96 0 0 89 0 74 0 0 0 0 0 138.000000
40 330 168 167 0 234 96 0 0 0 0 0 0 162 201 0 177 220.500000
40 330 0 167 59 0 96 0 228 0 0 74 0 0 0 0 0 115.000000
40 330 0 167 59 0 96 0 228 89 0 0 0 162 201 0 177 243.500000
40 0 0 0 0 0 96 0 0 0 0 0 354 162 0 62 0 128.500000
40 0 168 0 59 234 96 0 228 0 0 74 354 0 201 62 177 326.000000
40 0 0 0 0 0 96 0 0 89 0 74 354 0 201 62 177 257.000000
40 330 0 167 59 0 0 293 0 0 0 0 354 162 0 62 0 197.500000
40 330 0 167 59 0 0 293 0 89 0 74 354 0 201 62 177 326.000000
40 0 168 0 59 234 0 293 0 89 0 74 0 0 0 0 0 115.000000
40 0 168 0 59 234 0 293 0 0 0 0 0 162 201 0 177 197.500000
40 0 0 0 0 0 0 293 228 0 0 74 0 0 0 0 0 46.000000
40 330 168 167 0 234 0 293 228 89 0 0 354 162 0 62 0 266.500000
40 0 0 0 0 0 0 293 228 89 0 0 0 162 201 0 177 174.500000
40 0 0 0 0 0 0 0 0 0 383 0 0 0 0 0 0 0.000000
41 330 168 167 0 234 96 0 0 89 0 0 0 0 0 0 0 115.000000
41 330 168 167 0 234 96 0 0 0 0 74 0 162 201 0 177 243.500000
41 330 0 167 59 0 96 0 228 0 0 0 0 0 0 0 0 92.000000
41 0 0 0 0 0 96 0 0 0 0 74 354 162 0 62 0 151.500000
41 0 168 0 59 234 96 0 228 0 0 0 354 0 201 62 177 303.000000
41 0 0 0 0 0 96 0 0 89 0 0 354 0 201 62 177 234.000000
41 330 0 167 59 0 0 293 0 0 0 74 354 162 0 62 0 220.500000
41 330 0 167 59 0 0 293 0 89 0 0 354 0 201 62 177 303.000000
41 0 168 0 59 234 0 293 0 89 0 0 0 0 0 0 0 92.000000
41 0 168 0 59 234 0 293 0 0 0 74 0 162 201 0 177 220.500000
41 0 0 0 0 0 0 293 228 0 0 0 0 0 0 0 0 23.000000
41 0 0 0 0 0 0 0 0 0 383 74 0 0 0 0 0 23.000000
41 330 168 167 0 234 0 0 0 89 383 0 354 162 0 62 0 243.500000
41 330 0 167 59 0 0 0 228 0 383 0 354 162 0 62 0 220.500000
41 0 168 0 59 234 0 0 228 0 383 0 0 162 201 0 177 220.500000
41 0 0 0 0 0 0 0 0 89 383 0 0 162 201 0 177 151.500000
42 330 168 167 0 234 96 0 0 0 0 0 0 0 0 0 0 92.000000
42 330 0 167 59 0 96 0 228 0 0 74 0 162 201 0 177 243.500000
42 330 0 167 59 0 96 0 228 89 0 0 0 0 0 0 0 115.000000
42 0 168 0 59 234 96 0 228 0 0 74 354 162 0 62 0 243.500000
42 0 0 0 0 0 96 0 0 89 0 74 354 162 0 62 0 174.500000
42 0 0 0 0 0 96 0 0 0 0 0 354 0 201 62 177 211.000000
42 330 0 167 59 0 0 293 0 89 0 74 354 162 0 62 0 243.500000
42 330 0 167 59 0 0 293 0 0 0 0 354 0 201 62 177 280.000000
42 0 168 0 59 234 0 293 0 0 0 0 0 0 0 0 0 69.000000
42 330 168 167 0 234 0 293 228 0 0 74 354 162 0 62 0 266.500000
42 0 0 0 0 0 0 293 228 0 0 74 0 162 201 0 177 174.500000
42 0 0 0 0 0 0 293 228 89 0 0 0 0 0 0 0 46.000000
42 330 0 167 59 0 0 0 228 0 383 74 354 0 201 62 177 326.000000
42 0 168 0 59 234 0 0 228 0 383 74 0 0 0 0 0 115.000000
42 0 0 0 0 0 0 0 0 89 383 74 0 0 0 0 0 46.000000
42 330 168 167 0 234 0 0 0 0 383 0 354 162 0 62 0 220.500000
42 330 0 167 59 0 0 0 228 89 383 0 354 162 0 62 0 243.500000
42 0 0 0 0 0 0 0 0 0 383 0 0 162 201 0 177 128.500000
43 330 168 167 0 234 96 0 0 89 0 74 0 162 0 62 0 184.000000
43 330 168 167 0 234 96 0 0 0 0 0 0 0 201 62 177 220.500000
43 330 0 167 59 0 96 0 228 0 0 74 0 162 0 62 0 161.000000
43 330 0 167 59 0 96 0 228 89 0 0 0 0 201 62 177 243.500000
43 0 0 0 0 0 96 0 0 0 0 0 354 0 0 0 0 23.000000
43 330 0 167 59 0 0 293 0 0 0 0 354 0 0 0 0 92.000000
43 0 168 0 59 234 0 293 0 89 0 74 0 162 0 62 0 161.000000
43 0 168 0 59 234 0 293 0 0 0 0 0 0 201 62 177 197.500000
43 0 0 0 0 0 0 293 228 0 0 74 0 162 0 62 0 92.000000
43 330 168 167 0 234 0 293 228 0 0 74 354 162 201 0 177 289.500000
43 330 168 167 0 234 0 293 228 89 0 0 354 0 0 0 0 161.000000
43 0 0 0 0 0 0 293 228 89 0 0 0 0 201 62 177 174.500000
43 330 0 167 59 0 0 0 228 0 383 74 354 0 0 0 0 138.000000
43 0 168 0 59 234 0 0 228 0 383 74 0 0 201 62 177 243.500000
43 330 168 167 0 234 0 0 0 89 383 74 354 0 0 0 0 161.000000
43 0 0 0 0 0 0 0 0 89 383 74 0 0 201 62 177 174.500000
43 0 0 0 0 0 0 0 0 0 383 0 0 162 0 62 0 46.000000
43 330 168 167 0 234 0 0 0 0 383 0 354 162 201 0 177 243.500000
43 330 0 167 59 0 0 0 228 89 383 0 354 162 201 0 177 266.500000
44 330 168 167 0 234 96 0 0 89 0 74 0 162 0 0 0 161.000000
44 330 168 167 0 234 96 0 0 0 0 0 0 0 201 0 177 197.500000
44 330 0 167 59 0 96 0 228 0 0 74 0 162 0 0 0 138.000000
44 330 0 167 59 0 96 0 228 89 0 0 0 0 201 0 177 220.500000
44 0 0 0 0 0 96 0 0 0 0 0 354 0 0 62 0 105.500000
44 330 0 167 59 0 0 293 0 0 0 0 354 0 0 62 0 174.500000
44 0 168 0 59 234 0 293 0 89 0 74 0 162 0 0 0 138.000000
44 0 168 0 59 234 0 293 0 0 0 0 0 0 201 0 177 174.500000
44 0 0 0 0 0 0 293 228 0 0 74 0 162 0 0 0 69.000000
44 330 168 167 0 234 0 293 228 89 0 0 354 0 0 62 0 243.500000
44 0 0 0 0 0 0 293 228 89 0 0 0 0 201 0 177 151.500000
44 330 0 167 59 0 0 0 228 0 383 74 354 0 0 62 0 220.500000
44 0 168 0 59 234 0 0 228 0 383 74 0 0 201 0 177 220.500000
44 330 168 167 0 234 0 0 0 89 383 74 354 0 0 62 0 243.500000
44 0 0 0 0 0 0 0 0 89 383 74 0 0 201 0 177 151.500000
44 0 0 0 0 0 0 0 0 0 383 0 0 162 0 0 0 23.000000
45 330 168 167 0 234 96 0 0 89 0 74 0 162 0 0 177 184.000000
45 330 168 167 0 234 96 0 0 0 0 0 0 0 201 0 0 115.000000
45 330 0 167 59 0 96 0 228 0 0 74 0 162 0 0 177 161.000000
45 330 0 167 59 0 96 0 228 89 0 0 0 0 201 0 0 138.000000
45 0 168 0 59 234 96 0 228 0 0 74 354 162 201 62 0 266.500000
45 0 0 0 0 0 96 0 0 89 0 74 354 162 201 62 0 197.500000
45 0 0 0 0 0 96 0 0 0 0 0 354 0 0 62 177 128.500000
45 330 0 167 59 0 0 293 0 89 0 74 354 162 201 62 0 266.500000
45 330 0 167 59 0 0 293 0 0 0 0 354 0 0 62 177 197.500000
45 0 168 0 59 234 0 293 0 89 0 74 0 162 0 0 177 161.000000
45 0 168 0 59 234 0 293 0 0 0 0 0 0 201 0 0 92.000000
45 330 168 167 0 234 0 293 228 0 0 74 354 162 201 62 0 289.500000
45 0 0 0 0 0 0 293 228 0 0 74 0 162 0 0 177 92.000000
45 330 168 167 0 234 0 293 228 89 0 0 354 0 0 62 177 266.500000
45 0 0 0 0 0 0 293 228 89 0 0 0 0 201 0 0 69.000000
45 330 0 167 59 0 0 0 228 0 383 74 354 0 0 62 177 243.500000
45 0 168 0 59 234 0 0 228 0 383 74 0 0 201 0 0 138.000000
45 330 168 167 0 234 0 0 0 89 383 74 354 0 0 62 177 266.500000
45 0 0 0 0 0 0 0 0 89 383 74 0 0 201 0 0 69.000000
45 330 168 167 0 234 0 0 0 0 383 0 354 162 201 62 0 243.500000
45 330 0 167 59 0 0 0 228 89 383 0 354 162 201 62 0 266.500000
45 0 0 0 0 0 0 0 0 0 383 0 0 162 0 0 177 46.000000
46 330 0 167 59 0 96 0 0 0 383 0 0 0 0 0 0 92.000000
46 330 0 167 59 0 0 0 0 0 0 0 354 162 0 62 0 174.500000
46 330 0 167 59 0 0 0 0 89 0 74 354 0 201 62 177 303.000000
46 0 168 0 59 234 0 0 0 89 0 74 0 0 0 0 0 92.000000
46 0 168 0 59 234 0 0 0 0 0 0 0 162 201 0 177 174.500000
46 0 168 0 59 234 96 0 0 0 383 0 354 0 201 62 177 303.000000
46 330 168 167 0 234 96 293 0 89 0 74 0 0 0 0 0 161.000000
46 330 168 167 0 234 96 293 0 0 0 0 0 162 201 0 177 243.500000
46 0 0 0 0 0 96 293 0 0 0 0 354 162 0 62 0 151.500000
46 0 0 0 0 0 96 293 0 89 0 74 354 0 201 62 177 280.000000
46 0 0 0 0 0 0 293 0 0 383 0 0 0 0 0 0 23.000000
46 0 0 0 0 0 0 0 228 0 0 74 0 0 0 0 0 23.000000
46 330 168 167 0 234 96 0 228 89 383 0 0 0 0 0 0 161.000000
46 330 168 167 0 234 0 0 228 89 0 0 354 162 0 62 0 243.500000
46 0 0 0 0 0 0 0 228 89 0 0 0 162 201 0 177 151.500000
46 0 0 0 0 0 96 0 228 89 383 0 354 0 201 62 177 280.000000
47 330 0 167 59 0 96 0 0 0 383 74 0 0 0 0 0 115.000000
47 330 0 167 59 0 96 0 0 89 383 0 0 162 201 0 177 243.500000
47 330 0 167 59 0 0 0 0 0 0 74 354 162 0 62 0 197.500000
47 330 0 167 59 0 0 0 0 89 0 0 354 0 201 62 177 280.000000
47 0 168 0 59 234 0 0 0 89 0 0 0 0 0 0 0 69.000000
47 0 168 0 59 234 0 0 0 0 0 74 0 162 201 0 177 197.500000
47 0 168 0 59 234 96 0 0 0 383 74 354 0 201 62 177 326.000000
47 330 168 167 0 234 96 293 0 89 0 0 0 0 0 0 0 138.000000
47 330 168 167 0 234 96 293 0 0 0 74 0 162 201 0 177 266.500000
47 0 0 0 0 0 96 293 0 0 0 74 354 162 0 62 0 174.500000
47 0 0 0 0 0 96 293 0 89 0 0 354 0 201 62 177 257.000000
47 0 0 0 0 0 0 293 0 0 383 74 0 0 0 0 0 46.000000
47 330 168 167 0 234 0 293 0 89 383 0 354 162 0 62 0 266.500000
47 0 0 0 0 0 0 293 0 89 383 0 0 162 201 0 177 174.500000
47 0 0 0 0 0 0 0 228 0 0 0 0 0 0 0 0 0.000000
48 330 0 167 59 0 96 0 0 89 383 74 0 0 0 0 0 138.000000
48 330 0 167 59 0 96 0 0 0 383 0 0 162 201 0 177 220.500000
48 330 0 167 59 0 0 0 0 89 0 74 354 162 0 62 0 220.500000
48 330 0 167 59 0 0 0 0 0 0 0 354 0 201 62 177 257.000000
48 0 168 0 59 234 0 0 0 0 0 0 0 0 0 0 0 46.000000
48 330 168 167 0 234 96 293 0 0 0 0 0 0 0 0 0 115.000000
48 0 0 0 0 0 96 293 0 89 0 74 354 162 0 62 0 197.500000
48 0 0 0 0 0 96 293 0 0 0 0 354 0 201 62 177 234.000000
48 0 0 0 0 0 0 293 0 89 383 74 0 0 0 0 0 69.000000
48 330 168 167 0 234 0 293 0 0 383 0 354 162 0 62 0 243.500000
48 0 0 0 0 0 0 293 0 0 383 0 0 162 201 0 177 151.500000
48 330 168 167 0 234 96 0 228 0 383 74 0 0 0 0 0 161.000000
48 0 0 0 0 0 96 0 228 0 383 74 354 0 201 62 177 280.000000
48 330 168 167 0 234 0 0 228 0 0 74 354 162 0 62 0 243.500000
48 0 0 0 0 0 0 0 228 0 0 74 0 162 201 0 177 151.500000
48 0 0 0 0 0 0 0 228 89 0 0 0 0 0 0 0 23.000000
49 330 0 167 59 0 96 0 0 89 383 74 0 0 201 62 177 266.500000
49 330 0 167 59 0 96 0 0 0 383 0 0 162 0 62 0 138.000000
49 330 0 167 59 0 0 0 0 0 0 0 354 0 0 0 0 69.000000
49 0 168 0 59 234 96 0 0 89 383 74 354 0 0 0 0 161.000000
49 0 168 0 59 234 0 0 0 89 0 74 0 162 0 62 0 138.000000
49 0 168 0 59 234 96 0 0 0 383 0 354 162 201 0 177 243.500000
49 0 168 0 59 234 0 0 0 0 0 0 0 0 201 62 177 174.500000
49 330 168 167 0 234 96 293 0 89 0 74 0 162 0 62 0 207.000000
49 330 168 167 0 234 96 293 0 0 0 0 0 0 201 62 177 243.500000
49 0 0 0 0 0 96 293 0 0 0 0 354 0 0 0 0 46.000000
49 330 168 167 0 234 0 293 0 89 383 74 354 0 0 0 0 184.000000
49 0 0 0 0 0 0 293 0 89 383 74 0 0 201 62 177 197.500000
49 0 0 0 0 0 0 293 0 0 383 0 0 162 0 62 0 69.000000
49 330 168 167 0 234 0 293 0 0 383 0 354 162 201 0 177 266.500000
49 330 168 167 0 234 96 0 228 0 383 74 0 0 201 62 177 289.500000
49 0 0 0 0 0 96 0 228 0 383 74 354 0 0 0 0 92.000000
49 0 0 0 0 0 0 0 228 0 0 74 0 162 0 62 0 69.000000
49 330 168 167 0 234 0 0 228 0 0 74 354 162 201 0 177 266.500000
49 330 168 167 0 234 96 0 228 89 383 0 0 162 0 62 0 207.000000
49 330 168 167 0 234 0 0 228 89 0 0 354 0 0 0 0 138.000000
49 0 0 0 0 0 96 0 228 89 383 0 354 162 201 0 177 220.500000
49 0 0 0 0 0 0 0 228 89 0 0 0 0 201 62 177 151.500000
50 330 0 167 59 0 96 0 0 89 383 74 0 0 201 0 177 243.500000
50 330 0 167 59 0 96 0 0 0 383 0 0 162 0 0 0 115.000000
50 330 0 167 59 0 0 0 0 0 0 0 354 0 0 62 0 151.500000
50 0 168 0 59 234 96 0 0 89 383 74 354 0 0 62 0 243.500000
50 0 168 0 59 234 0 0 0 89 0 74 0 162 0 0 0 115.000000
50 0 168 0 59 234 0 0 0 0 0 0 0 0 201 0 177 151.500000
50 330 168 167 0 234 96 293 0 89 0 74 0 162 0 0 0 184.000000
50 330 168 167 0 234 96 293 0 0 0 0 0 0 201 0 177 220.500000
50 0 0 0 0 0 96 293 0 0 0 0 354 0 0 62 0 128.500000
50 330 168 167 0 234 0 293 0 89 383 74 354 0 0 62 0 266.500000
50 0 0 0 0 0 0 293 0 89 383 74 0 0 201 0 177 174.500000
50 0 0 0 0 0 0 293 0 0 383 0 0 162 0 0 0 46.000000
50 330 168 167 0 234 96 0 228 0 383 74 0 0 201 0 177 266.500000
50 0 0 0 0 0 96 0 228 0 383 74 354 0 0 62 0 174.500000
50 0 0 0 0 0 0 0 228 0 0 74 0 162 0 0 0 46.000000
50 330 168 167 0 234 96 0 228 89 383 0 0 162 0 0 0 184.000000
50 330 168 167 0 234 0 0 228 89 0 0 354 0 0 62 0 220.500000
50 0 0 0 0 0 0 0 228 89 0 0 0 0 201 0 177 128.500000
51 330 0 167 59 0 96 0 0 89 383 74 0 0 201 0 0 161.000000
51 330 0 167 59 0 96 0 0 0 383 0 0 162 0 0 177 138.000000
51 330 0 167 59 0 0 0 0 89 0 74 354 162 201 62 0 243.500000
51 330 0 167 59 0 0 0 0 0 0 0 354 0 0 62 177 174.500000
51 0 168 0 59 234 96 0 0 89 383 74 354 0 0 62 177 266.500000
51 0 168 0 59 234 0 0 0 89 0 74 0 162 0 0 177 138.000000
51 0 168 0 59 234 0 0 0 0 0 0 0 0 201 0 0 69.000000
51 330 168 167 0 234 96 293 0 89 0 74 0 162 0 0 177 207.000000
51 330 168 167 0 234 96 293 0 0 0 0 0 0 201 0 0 138.000000
51 0 0 0 0 0 96 293 0 89 0 74 354 162 201 62 0 220.500000
51 0 0 0 0 0 96 293 0 0 0 0 354 0 0 62 177 151.500000
51 330 168 167 0 234 0 293 0 89 383 74 354 0 0 62 177 289.500000
51 0 0 0 0 0 0 293 0 89 383 74 0 0 201 0 0 92.000000
51 330 168 167 0 234 0 293 0 0 383 0 354 162 201 62 0 266.500000
51 0 0 0 0 0 0 293 0 0 383 0 0 162 0 0 177 69.000000
51 330 168 167 0 234 96 0 228 0 383 74 0 0 201 0 0 184.000000
51 0 0 0 0 0 96 0 228 0 383 74 354 0 0 62 177 197.500000
51 330 168 167 0 234 0 0 228 0 0 74 354 162 201 62 0 266.500000
51 0 0 0 0 0 0 0 228 0 0 74 0 162 0 0 177 69.000000
51 330 168 167 0 234 96 0 228 89 383 0 0 162 0 0 177 207.000000
51 330 168 167 0 234 0 0 228 89 0 0 354 0 0 62 177 243.500000
51 0 0 0 0 0 0 0 228 89 0 0 0 0 201 0 0 46.000000
52 330 168 167 0 234 96 0 0 89 383 0 0 0 0 0 0 138.000000
52 330 0 167 59 0 96 0 228 0 383 0 0 0 0 0 0 115.000000
52 0 168 0 59 234 96 0 228 0 383 0 354 0 201 62 177 326.000000
52 0 0 0 0 0 96 0 0 89 383 0 354 0 201 62 177 257.000000
52 330 0 167 59 0 0 293 0 89 383 0 354 0 201 62 177 326.000000
52 0 168 0 59 234 0 293 0 89 383 0 0 0 0 0 0 115.000000
52 0 0 0 0 0 0 293 228 0 383 0 0 0 0 0 0 46.000000
52 0 0 0 0 0 0 0 0 0 0 74 0 0 0 0 0 0.000000
52 330 168 167 0 234 0 0 0 89 0 0 354 162 0 62 0 220.500000
52 330 0 167 59 0 0 0 228 0 0 0 354 162 0 62 0 197.500000
52 0 168 0 59 234 96 293 0 89 0 0 354 162 0 62 0 243.500000
52 0 0 0 0 0 96 293 228 0 0 0 354 162 0 62 0 174.500000
52 330 168 167 0 234 96 293 228 0 0 0 0 162 201 0 177 266.500000
52 0 168 0 59 234 0 0 228 0 0 0 0 162 201 0 177 197.500000
52 0 0 0 0 0 0 0 0 89 0 0 0 162 201 0 177 128.500000
53 330 168 167 0 234 96 0 0 0 383 0 0 0 0 0 0 115.000000
53 330 0 167 59 0 96 0 228 89 383 0 0 0 0 0 0 138.000000
53 0 0 0 0 0 96 0 0 0 383 0 354 0 201 62 177 234.000000
53 330 0 167 59 0 0 293 0 0 383 0 354 0 201 62 177 303.000000
53 0 168 0 59 234 0 293 0 0 383 0 0 0 0 0 0 92.000000
53 0 0 0 0 0 0 293 228 89 383 0 0 0 0 0 0 69.000000
53 330 0 167 59 0 0 0 228 0 0 74 354 0 201 62 177 303.000000
53 0 168 0 59 234 0 0 228 0 0 74 0 0 0 0 0 92.000000
53 330 168 167 0 234 96 293 228 0 0 74 0 0 0 0 0 161.000000
53 0 0 0 0 0 96 293 228 0 0 74 354 0 201 62 177 280.000000
53 0 0 0 0 0 0 0 0 89 0 74 0 0 0 0 0 23.000000
53 330 168 167 0 234 0 0 0 0 0 0 354 162 0 62 0 197.500000
53 330 0 167 59 0 0 0 228 89 0 0 354 162 0 62 0 220.500000
53 0 168 0 59 234 96 293 0 0 0 0 354 162 0 62 0 220.500000
53 0 0 0 0 0 96 293 228 89 0 0 354 162 0 62 0 197.500000
53 0 0 0 0 0 0 0 0 0 0 0 0 162 201 0 177 105.500000
54 330 168 167 0 234 96 0 0 0 383 0 0 0 201 62 177 243.500000
54 330 0 167 59 0 96 0 228 89 383 0 0 0 201 62 177 266.500000
54 0 0 0 0 0 96 0 0 0 383 0 354 0 0 0 0 46.000000
54 330 0 167 59 0 0 293 0 0 383 0 354 0 0 0 0 115.000000
54 0 168 0 59 234 0 293 0 0 383 0 0 0 201 62 177 220.500000
54 330 168 167 0 234 0 293 228 89 383 0 354 0 0 0 0 184.000000
54 0 0 0 0 0 0 293 228 89 383 0 0 0 201 62 177 197.500000
54 330 0 167 59 0 0 0 228 0 0 74 354 0 0 0 0 115.000000
54 0 168 0 59 234 0 0 228 0 0 74 0 0 201 62 177 220.500000
54 330 168 167 0 234 96 293 228 0 0 74 0 0 201 62 177 289.500000
54 0 0 0 0 0 96 293 228 0 0 74 354 0 0 0 0 92.000000
54 330 168 167 0 234 0 0 0 89 0 74 354 0 0 0 0 138.000000
54 0 168 0 59 234 96 293 0 89 0 74 354 0 0 0 0 161.000000
54 0 0 0 0 0 0 0 0 89 0 74 0 0 201 62 177 151.500000
54 0 0 0 0 0 0 0 0 0 0 0 0 162 0 62 0 23.000000
54 330 168 167 0 234 0 0 0 0 0 0 354 162 201 0 177 220.500000
54 0 168 0 59 234 96 293 0 0 0 0 354 162 201 0 177 243.500000
54 330 0 167 59 0 0 0 228 89 0 0 354 162 201 0 177 243.500000
54 0 0 0 0 0 96 293 228 89 0 0 354 162 201 0 177 220.500000
55 330 168 167 0 234 96 0 0 0 383 0 0 0 201 0 177 220.500000
55 330 0 167 59 0 96 0 228 89 383 0 0 0 201 0 177 243.500000
55 0 0 0 0 0 96 0 0 0 383 0 354 0 0 62 0 128.500000
55 330 0 167 59 0 0 293 0 0 383 0 354 0 0 62 0 197.500000
55 0 168 0 59 234 0 293 0 0 383 0 0 0 201 0 177 197.500000
55 330 168 167 0 234 0 293 228 89 383 0 354 0 0 62 0 266.500000
55 0 0 0 0 0 0 293 228 89 383 0 0 0 201 0 177 174.500000
55 330 0 167 59 0 0 0 228 0 0 74 354 0 0 62 0 197.500000
55 0 168 0 59 234 0 0 228 0 0 74 0 0 201 0 177 197.500000
55 330 168 167 0 234 96 293 228 0 0 74 0 0 201 0 177 266.500000
55 0 0 0 0 0 96 293 228 0 0 74 354 0 0 62 0 174.500000
55 330 168 167 0 234 0 0 0 89 0 74 354 0 0 62 0 220.500000
55 0 168 0 59 234 96 293 0 89 0 74 354 0 0 62 0 243.500000
55 0 0 0 0 0 0 0 0 89 0 74 0 0 201 0 177 128.500000
55 0 0 0 0 0 0 0 0 0 0 0 0 162 0 0 0 0.000000
56 330 168 167 0 234 96 0 0 0 383 0 0 0 201 0 0 138.000000
56 330 0 167 59 0 96 0 228 89 383 0 0 0 201 0 0 161.000000
56 0 0 0 0 0 96 0 0 0 383 0 354 0 0 62 177 151.500000
56 330 0 167 59 0 0 293 0 0 383 0 354 0 0 62 177 220.500000
56 0 168 0 59 234 0 293 0 0 383 0 0 0 201 0 0 115.000000
56 330 168 167 0 234 0 293 228 89 383 0 354 0 0 62 177 289.500000
56 0 0 0 0 0 0 293 228 89 383 0 0 0 201 0 0 92.000000
56 330 0 167 59 0 0 0 228 0 0 74 354 0 0 62 177 220.500000
56 0 168 0 59 234 0 0 228 0 0 74 0 0 201 0 0 115.000000
56 330 168 167 0 234 96 293 228 0 0 74 0 0 201 0 0 184.000000
56 0 0 0 0 0 96 293 228 0 0 74 354 0 0 62 177 197.500000
56 330 168 167 0 234 0 0 0 89 0 74 354 0 0 62 177 243.500000
56 0 168 0 59 234 96 293 0 89 0 74 354 0 0 62 177 266.500000
56 0 0 0 0 0 0 0 0 89 0 74 0 0 201 0 0 46.000000
56 330 168 167 0 234 0 0 0 0 0 0 354 162 201 62 0 220.500000
56 330 0 167 59 0 0 0 228 89 0 0 354 162 201 62 0 243.500000
56 0 168 0 59 234 96 293 0 0 0 0 354 162 201 62 0 243.500000
56 0 0 0 0 0 96 293 228 89 0 0 354 162 201 62 0 220.500000
56 0 0 0 0 0 0 0 0 0 0 0 0 162 0 0 177 23.000000
57 330 0 167 59 0 96 0 228 0 383 0 0 162 201 0 177 243.500000
57 330 0 167 59 0 0 0 228 0 0 0 354 0 201 62 177 280.000000
57 0 168 0 59 234 0 0 228 0 0 0 0 0 0 0 0 69.000000
57 330 168 167 0 234 96 293 228 0 0 0 0 0 0 0 0 138.000000
57 0 0 0 0 0 96 293 228 0 0 0 354 0 201 62 177 257.000000
57 330 168 167 0 234 0 293 228 0 383 0 354 162 0 62 0 266.500000
57 0 0 0 0 0 0 293 228 0 383 0 0 162 201 0 177 174.500000
57 330 168 167 0 234 96 0 0 0 383 74 0 0 0 0 0 138.000000
57 0 0 0 0 0 96 0 0 0 383 74 354 0 201 62 177 257.000000
57 330 0 167 59 0 0 293 0 0 383 74 354 0 201 62 177 326.000000
57 0 168 0 59 234 0 293 0 0 383 74 0 0 0 0 0 115.000000
57 330 168 167 0 234 0 0 0 0 0 74 354 162 0 62 0 220.500000
57 0 168 0 59 234 96 293 0 0 0 74 354 162 0 62 0 243.500000
57 0 0 0 0 0 0 0 0 0 0 74 0 162 201 0 177 128.500000
57 0 0 0 0 0 0 0 0 89 0 0 0 0 0 0 0 0.000000
58 330 0 167 59 0 96 0 228 0 383 0 0 162 0 62 0 161.000000
58 330 0 167 59 0 0 0 228 0 0 0 354 0 0 0 0 92.000000
58 0 168 0 59 234 96 0 228 0 383 0 354 162 201 0 177 266.500000
58 0 168 0 59 234 0 0 228 0 0 0 0 0 201 62 177 197.500000
58 330 168 167 0 234 96 293 228 0 0 0 0 0 201 62 177 266.500000
58 0 0 0 0 0 96 293 228 0 0 0 354 0 0 0 0 69.000000
58 0 0 0 0 0 0 293 228 0 383 0 0 162 0 62 0 92.000000
58 330 168 167 0 234 0 293 228 0 383 0 354 162 201 0 177 289.500000
58 330 168 167 0 234 96 0 0 0 383 74 0 0 201 62 177 266.500000
58 0 0 0 0 0 96 0 0 0 383 74 354 0 0 0 0 69.000000
58 330 0 167 59 0 0 293 0 0 383 74 354 0 0 0 0 138.000000
58 0 168 0 59 234 0 293 0 0 383 74 0 0 201 62 177 243.500000
58 0 0 0 0 0 0 0 0 0 0 74 0 162 0 62 0 46.000000
58 330 168 167 0 234 0 0 0 0 0 74 354 162 201 0 177 243.500000
58 0 168 0 59 234 96 293 0 0 0 74 354 162 201 0 177 266.500000
58 330 168 167 0 234 96 0 0 89 383 0 0 162 0 62 0 184.000000
58 330 168 167 0 234 0 0 0 89 0 0 354 0 0 0 0 115.000000
58 0 168 0 59 234 96 293 0 89 0 0 354 0 0 0 0 138.000000
58 0 168 0 59 234 0 293 0 89 383 0 0 162 0 62 0 161.000000
58 0 0 0 0 0 96 0 0 89 383 0 354 162 201 0 177 197.500000
58 330 0 167 59 0 0 293 0 89 383 0 354 162 201 0 177 266.500000
58 0 0 0 0 0 0 0 0 89 0 0 0 0 201 62 177 128.500000
59 330 0 167 59 0 96 0 228 0 383 0 0 162 0 0 0 138.000000
59 330 0 167 59 0 0 0 228 0 0 0 354 0 0 62 0 174.500000
59 0 168 0 59 234 0 0 228 0 0 0 0 0 201 0 177 174.500000
59 330 168 167 0 234 96 293 228 0 0 0 0 0 201 0 177 243.500000
59 0 0 0 0 0 96 293 228 0 0 0 354 0 0 62 0 151.500000
59 0 0 0 0 0 0 293 228 0 383 0 0 162 0 0 0 69.000000
59 330 168 167 0 234 96 0 0 0 383 74 0 0 201 0 177 243.500000
59 0 0 0 0 0 96 0 0 0 383 74 354 0 0 62 0 151.500000
59 330 0 167 59 0 0 293 0 0 383 74 354 0 0 62 0 220.500000
59 0 168 0 59 234 0 293 0 0 383 74 0 0 201 0 177 220.500000
59 0 0 0 0 0 0 0 0 0 0 74 0 162 0 0 0 23.000000
59 330 168 167 0 234 96 0 0 89 383 0 0 162 0 0 0 161.000000
59 330 168 167 0 234 0 0 0 89 0 0 354 0 0 62 0 197.500000
59 0 168 0 59 234 96 293 0 89 0 0 354 0 0 62 0 220.500000
59 0 168 0 59 234 0 293 0 89 383 0 0 162 0 0 0 138.000000
59 0 0 0 0 0 0 0 0 89 0 0 0 0 201 0 177 105.500000
60 330 0 167 59 0 96 0 228 0 383 0 0 162 0 0 177 161.000000
60 330 0 167 59 0 0 0 228 0 0 0 354 0 0 62 177 197.500000
60 0 168 0 59 234 0 0 228 0 0 0 0 0 201 0 0 92.000000
60 330 168 167 0 234 96 293 228 0 0 0 0 0 201 0 0 161.000000
60 0 0 0 0 0 96 293 228 0 0 0 354 0 0 62 177 174.500000
60 330 168 167 0 234 0 293 228 0 383 0 354 162 201 62 0 289.500000
60 0 0 0 0 0 0 293 228 0 383 0 0 162 0 0 177 92.000000
60 330 168 167 0 234 96 0 0 0 383 74 0 0 201 0 0 161.000000
60 0 0 0 0 0 96 0 0 0 383 74 354 0 0 62 177 174.500000
60 330 0 167 59 0 0 293 0 0 383 74 354 0 0 62 177 243.500000
60 0 168 0 59 234 0 293 0 0 383 74 0 0 201 0 0 138.000000
60 330 168 167 0 234 0 0 0 0 0 74 354 162 201 62 0 243.500000
60 0 168 0 59 234 96 293 0 0 0 74 354 162 201 62 0 266.500000
60 0 0 0 0 0 0 0 0 0 0 74 0 162 0 0 177 46.000000
60 330 168 167 0 234 96 0 0 89 383 0 0 162 0 0 177 184.000000
60 330 168 167 0 234 0 0 0 89 0 0 354 0 0 62 177 220.500000
60 0 168 0 59 234 96 293 0 89 0 0 354 0 0 62 177 243.500000
60 0 168 0 59 234 0 293 0 89 383 0 0 162 0 0 177 161.000000
60 0 0 0 0 0 0 0 0 89 0 0 0 0 201 0 0 23.000000
61 330 168 167 0 234 96 293 228 0 0 74 0 162 0 62 0 207.000000
61 330 168 167 0 234 96 0 0 0 383 0 0 162 0 62 0 161.000000
61 330 168 167 0 234 0 0 0 0 0 0 354 0 0 0 0 92.000000
61 0 168 0 59 234 96 293 0 0 0 0 354 0 0 0 0 115.000000
61 0 168 0 59 234 0 293 0 0 383 0 0 162 0 62 0 138.000000
61 0 168 0 59 234 96 0 228 0 383 74 354 0 0 0 0 161.000000
61 0 168 0 59 234 0 0 228 0 0 74 0 162 0 62 0 138.000000
61 330 0 167 59 0 96 0 228 89 383 0 0 162 0 62 0 184.000000
61 330 0 167 59 0 0 0 228 89 0 0 354 0 0 0 0 115.000000
61 0 0 0 0 0 96 293 228 89 0 0 354 0 0 0 0 92.000000
61 0 0 0 0 0 0 293 228 89 383 0 0 162 0 62 0 115.000000
61 0 0 0 0 0 96 0 0 89 383 74 354 0 0 0 0 92.000000
61 330 0 167 59 0 0 293 0 89 383 74 354 0 0 0 0 161.000000
61 0 0 0 0 0 0 0 0 89 0 74 0 162 0 62 0 69.000000
61 0 0 0 0 0 96 0 0 0 383 0 354 162 201 0 177 174.500000
61 330 0 167 59 0 0 293 0 0 383 0 354 162 201 0 177 243.500000
61 330 0 167 59 0 0 0 228 0 0 74 354 162 201 0 177 243.500000
61 0 0 0 0 0 96 293 228 0 0 74 354 162 201 0 177 220.500000
61 0 0 0 0 0 0 0 0 0 0 0 0 0 201 62 177 105.500000
62 330 168 167 0 234 96 293 228 0 0 74 0 162 0 0 0 184.000000
62 330 168 167 0 234 96 0 0 0 383 0 0 162 0 0 0 138.000000
62 330 168 167 0 234 0 0 0 0 0 0 354 0 0 62 0 174.500000
62 0 168 0 59 234 96 293 0 0 0 0 354 0 0 62 0 197.500000
62 0 168 0 59 234 0 293 0 0 383 0 0 162 0 0 0 115.000000
62 0 168 0 59 234 96 0 228 0 383 74 354 0 0 62 0 243.500000
62 0 168 0 59 234 0 0 228 0 0 74 0 162 0 0 0 115.000000
62 330 0 167 59 0 96 0 228 89 383 0 0 162 0 0 0 161.000000
62 330 0 167 59 0 0 0 228 89 0 0 354 0 0 62 0 197.500000
62 0 0 0 0 0 96 293 228 89 0 0 354 0 0 62 0 174.500000
62 0 0 0 0 0 0 293 228 89 383 0 0 162 0 0 0 92.000000
62 0 0 0 0 0 96 0 0 89 383 74 354 0 0 62 0 174.500000
62 330 0 167 59 0 0 293 0 89 383 74 354 0 0 62 0 243.500000
62 0 0 0 0 0 0 0 0 89 0 74 0 162 0 0 0 46.000000
62 0 0 0 0 0 0 0 0 0 0 0 0 0 201 0 177 82.500000
63 330 168 167 0 234 96 293 228 0 0 74 0 162 0 0 177 207.000000
63 330 168 167 0 234 96 0 0 0 383 0 0 162 0 0 177 161.000000
63 330 168 167 0 234 0 0 0 0 0 0 354 0 0 62 177 197.500000
63 0 168 0 59 234 96 293 0 0 0 0 354 0 0 62 177 220.500000
63 0 168 0 59 234 0 293 0 0 383 0 0 162 0 0 177 138.000000
63 0 168 0 59 234 96 0 228 0 383 74 354 0 0 62 177 266.500000
63 0 168 0 59 234 0 0 228 0 0 74 0 162 0 0 177 138.000000
63 330 0 167 59 0 96 0 228 89 383 0 0 162 0 0 177 184.000000
63 330 0 167 59 0 0 0 228 89 0 0 354 0 0 62 177 220.500000
63 0 0 0 0 0 96 293 228 89 0 0 354 0 0 62 177 197.500000
63 0 0 0 0 0 0 293 228 89 383 0 0 162 0 0 177 115.000000
63 0 0 0 0 0 96 0 0 89 383 74 354 0 0 62 177 197.500000
63 330 0 167 59 0 0 293 0 89 383 74 354 0 0 62 177 266.500000
63 0 0 0 0 0 0 0 0 89 0 74 0 162 0 0 177 69.000000
63 0 0 0 0 0 0 0 0 0 0 0 0 0 201 0 0 0.000000
64 330 168 167 0 234 0 293 228 89 383 0 354 162 0 0 0 207.000000
64 330 168 167 0 234 0 0 0 89 0 74 354 162 0 0 0 161.000000
64 330 168 167 0 234 0 0 0 0 0 0 354 0 201 0 177 197.500000
64 330 0 167 59 0 0 293 0 89 383 74 354 0 201 0 177 266.500000
64 330 0 167 59 0 0 293 0 0 383 0 354 162 0 0 0 138.000000
64 330 0 167 59 0 0 0 228 0 0 74 354 162 0 0 0 138.000000
64 330 0 167 59 0 0 0 228 89 0 0 354 0 201 0 177 220.500000
64 0 168 0 59 234 96 293 0 89 0 74 354 162 0 0 0 184.000000
64 0 168 0 59 234 96 293 0 0 0 0 354 0 201 0 177 220.500000
64 0 0 0 0 0 96 293 228 0 0 74 354 162 0 0 0 115.000000
64 0 0 0 0 0 96 293 228 89 0 0 354 0 201 0 177 197.500000
64 0 168 0 59 234 96 0 228 0 383 74 354 0 201 0 177 266.500000
64 0 0 0 0 0 96 0 0 89 383 74 354 0 201 0 177 197.500000
64 0 0 0 0 0 96 0 0 0 383 0 354 162 0 0 0 69.000000
64 0 0 0 0 0 0 0 0 0 0 0 0 0 0 62 0 0.000000
65 330 168 167 0 234 0 293 228 89 383 0 354 162 0 0 177 230.000000
65 330 168 167 0 234 0 0 0 89 0 74 354 162 0 0 177 184.000000
65 330 168 167 0 234 0 0 0 0 0 0 354 0 201 0 0 115.000000
65 330 0 167 59 0 0 293 0 89 383 74 354 0 201 0 0 184.000000
65 330 0 167 59 0 0 293 0 0 383 0 354 162 0 0 177 161.000000
65 330 0 167 59 0 0 0 228 0 0 74 354 162 0 0 177 161.000000
65 330 0 167 59 0 0 0 228 89 0 0 354 0 201 0 0 138.000000
65 0 168 0 59 234 96 293 0 89 0 74 354 162 0 0 177 207.000000
65 0 168 0 59 234 96 293 0 0 0 0 354 0 201 0 0 138.000000
65 0 0 0 0 0 96 293 228 0 0 74 354 162 0 0 177 138.000000
65 0 0 0 0 0 96 293 228 89 0 0 354 0 201 0 0 115.000000
65 0 168 0 59 234 96 0 228 0 383 74 354 0 201 0 0 184.000000
65 0 0 0 0 0 96 0 0 89 383 74 354 0 201 0 0 115.000000
65 0 0 0 0 0 96 0 0 0 383 0 354 162 0 0 177 92.000000
65 330 168 167 0 234 96 0 0 0 383 0 0 162 201 62 0 184.000000
65 330 0 167 59 0 96 0 228 89 383 0 0 162 201 62 0 207.000000
65 0 168 0 59 234 0 293 0 0 383 0 0 162 201 62 0 161.000000
65 0 0 0 0 0 0 293 228 89 383 0 0 162 201 62 0 138.000000
65 0 168 0 59 234 0 0 228 0 0 74 0 162 201 62 0 161.000000
65 330 168 167 0 234 96 293 228 0 0 74 0 162 201 62 0 230.000000
65 0 0 0 0 0 0 0 0 89 0 74 0 162 201 62 0 92.000000
65 0 0 0 0 0 0 0 0 0 0 0 0 0 0 62 177 23.000000
66 330 168 167 0 234 96 0 0 0 383 0 0 162 201 0 0 161.000000
66 330 0 167 59 0 96 0 228 89 383 0 0 162 201 0 0 184.000000
66 0 168 0 59 234 0 293 0 0 383 0 0 162 201 0 0 138.000000
66 0 0 0 0 0 0 293 228 89 383 0 0 162 201 0 0 115.000000
66 0 168 0 59 234 0 0 228 0 0 74 0 162 201 0 0 138.000000
66 330 168 167 0 234 96 293 228 0 0 74 0 162 201 0 0 207.000000
66 0 0 0 0 0 0 0 0 89 0 74 0 162 201 0 0 69.000000
66 330 168 167 0 234 0 0 0 0 0 0 354 0 201 62 0 197.500000
66 330 0 167 59 0 0 293 0 89 383 74 354 0 201 62 0 266.500000
66 330 0 167 59 0 0 0 228 89 0 0 354 0 201 62 0 220.500000
66 0 168 0 59 234 96 293 0 0 0 0 354 0 201 62 0 220.500000
66 0 0 0 0 0 96 293 228 89 0 0 354 0 201 62 0 197.500000
66 0 168 0 59 234 96 0 228 0 383 74 354 0 201 62 0 266.500000
66 0 0 0 0 0 96 0 0 89 383 74 354 0 201 62 0 197.500000
66 0 0 0 0 0 0 0 0 0 0 0 0 0 0 0 177 0.000000
